92779321
78218646
83683433
35798136
88766995
72429694
57097684
58726386
77289122
66707956
78013208
78016526
60200649
66708695
58722253
57093640
77286964
78013467
78015522
92782524
78217381
83685926
35799221
88764888
72429388
60202143
60201528
78013707
66706686
58721850
77286894
92782063
88766978
78218295
83685727
35799822
72430818
57091776
78018506
60201452
60200401
88768154
92782553
92780985
77290159
78219337
83685033
35795647
88766835
72429165
57095343
58722498
78013076
66706395
78019392
60201509
60200431
66705916
78018039
78012631
77289632
58722438
57095468
35798705
72430927
83683919
78217112
88768958
92780229
60200636
88768749
58727149
78013004
58726175
78018567
66706044
77287530
57092948
60201112
88768363
35799246
72431134
83684675
78219716
92779347
60200681
78013485
66705455
78016614
92779350
78217704
83685243
35798532
88768144
72429932
57093514
58724737
77289917
66708786
78013752
66705282
78013404
77287952
58723492
78017766
92780872
92781655
78217247
78217783
83683545
83684157
72429340
72430758
88767212
88768758
78013610
66708379
78015633
58724912
77290437
92779933
88765887
78218682
83683898
72430650
35798955
57097181
78013877
77288743
66706647
78016401
58725451
92780012
78218366
83683854
35798524
88768133
57097439
60201056
66705557
78015683
78013799
77286949
58724929
88765582
72430229
35797990
92781306
78216737
83683674
60200598
78011711
66708399
78016875
58723389
57094999
88765134
77290400
92781376
78217009
83686413
72429837
35797964
78019360
78013453
60200560
77290262
78219977
83683343
92781071
35797280
88765825
72431184
58725579
57093056
66705048
92780203
78218392
83684179
72429682
35797614
88767470
57096146
58723674
77287574
66705679
78013665
78018897
60201943
60201617
92781116
78216702
83686146
35796630
72429644
57094440
58722761
77289546
78012928
78018689
77289213
92780319
78219924
83684584
35797672
88764454
72430651
57095895
78016984
58723522
66707922
78014695
77290259
92781704
88766405
78218882
83683968
72431129
35797707
57097203
58725967
66708783
78012183
78019851
60201968
78012797
60201394
35798726
72429443
66704975
92781650
83685868
78218890
78017585
77288051
58725407
57094818
78017409
66706643
78012123
77289533
58724562
57092832
35798502
92780459
83683878
78216993
88767344
72429505
7412441
3197735
5148005
5158137
5681341
5685938
5687272
17367105
1725934
952216
1727605
1731917
4258958
4776042
5614612
5730144
11975180
11978113
12254800
12012453
14618183
4719168
4779451
60201783
72430420
92780053
78219793
83683923
35799414
88765527
57094265
58724875
78018418
78011784
66706939
60201867
88769283
57097552
58727326
92779724
88769025
88769176
88769232
57098941
72429831
17873535
12253626
12012168
11977866
11974895
2601674
66706819
78018878
78014210
58723594
57091787
72430797
77288866
88765793
35799022
88765660
57094602
77287007
58722503
78016172
57097166
58723640
78014387
77287896
78017842
66708248
14616647
14616622
12255494
12255389
12011540
12011515
11976756
11976734
11973635
11973610
6056027
5615249
5157252
5157176
5146934
5146740
1727219
954424
954400
78014103
58727235
66705644
98280510
66709251
92781786
45131603
3198157
14143451
6254574
14116730
14157971
14156416
14186626
17873186
12254890
12013536
11976509
11973351
14616362
954130
78014539
60201098
78017402
66708815
58724548
57092840
88764873
35799024
72430315
83683885
78218662
92779397
77289712
88768447
78019764
78019393
78018937
78018642
78018472
78018375
78018295
78017481
78017412
78017410
78017394
78016484
78016468
78016393
78015887
78015739
78015711
58727323
78011336
58726962
57097555
88766060
78018765
78019642
66705214
78013054
77288313
58723833
57094167
72430720
88764112
35797444
83686312
78217623
92781058
