qseqid	sseqid	pident	length	mismatch	gapopen	qstart	qend	sstart	send	evalue	bitscore
APHAN_134.Contig_1	NZ_JACJTO010000007.1:68616-70613	99.650	1998	7	0	16502	18499	1998	1	0.0	3651
APHAN_134.Contig_1	NZ_KE384619.1:c14724-12727	91.311	1991	173	0	16509	18499	1991	1	0.0	2719
APHAN_134.Contig_1	NZ_LAHB01000011.1:23963-25960	80.734	1988	374	9	16509	18492	1991	9	0.0	1541
APHAN_134.Contig_1	NZ_CP020114.1:c123803-121806	80.251	1990	384	8	16509	18494	1991	7	0.0	1489
APHAN_134.Contig_1	NZ_CP047242.1:778650-780647	78.823	1988	413	8	16502	18485	1998	15	0.0	1332
APHAN_134.Contig_1	NZ_AESD01000165.1:7056-9098	76.443	1923	430	19	16502	18413	2039	129	0.0	1020
APHAN_134.Contig_2	NZ_JACJTO010000022.1:5217-6737	99.737	1520	4	0	73012	74531	1	1520	0.0	2785
APHAN_134.Contig_2	NZ_KE384657.1:c38707-37184	86.561	1518	190	8	73012	74519	1	1514	0.0	1661
APHAN_134.Contig_2	NZ_JACJTO010000002.1:150477-150968	99.593	492	2	0	45441	45932	492	1	0.0	898
APHAN_134.Contig_2	NZ_JANQDJ010000020.1:4609-6129	78.049	1435	294	19	73055	74474	44	1472	0.0	885
APHAN_134.Contig_2	NZ_CP020114.1:c2388482-2386908	82.642	916	155	4	73558	74471	586	1499	0.0	808
APHAN_134.Contig_2	NZ_KE384609.1:58521-59012	85.597	486	68	2	45448	45932	485	1	4.43e-143	508
APHAN_134.Contig_2	NZ_LR882952.1:3843913-3845499	75.000	804	191	8	73610	74408	680	1478	3.65e-99	363
APHAN_134.Contig_2	NZ_CP065936.1:c284085-282517	79.433	282	57	1	73204	73485	166	446	1.09e-49	198
APHAN_134.Contig_3	NZ_KE384612.1:c25373-24126	78.030	264	53	5	96558	96819	798	538	1.33e-38	161
APHAN_134.Contig_3	NZ_JACJTO010000009.1:c53190-51958	75.472	265	58	7	96558	96819	783	523	6.29e-27	122
APHAN_134.Contig_4	NZ_JACJTO010000009.1:c53190-51958	99.676	1233	4	0	24219	25451	1233	1	0.0	2255
APHAN_134.Contig_4	NZ_KE384612.1:c25373-24126	85.637	1107	155	4	24219	25323	1248	144	0.0	1160
APHAN_134.Contig_4	NZ_JANQDJ010000079.1:8272-9510	80.310	1097	206	9	24219	25310	1239	148	0.0	821
APHAN_134.Contig_4	NZ_CP020114.1:c4994885-4993635	79.053	1098	216	12	24220	25310	1250	160	0.0	741
APHAN_134.Contig_4	NZ_AESD01000023.1:c4609-3353	75.264	473	109	8	24506	24974	970	502	7.76e-56	219
APHAN_134.Contig_5	NZ_JACJTO010000004.1:105234-106163	99.030	928	9	0	97433	98360	928	1	0.0	1664
APHAN_134.Contig_5	NZ_JACJTO010000004.1:85579-85998	99.524	420	2	0	117364	117783	420	1	0.0	765
APHAN_134.Contig_5	NZ_KE384592.1:c39642-38713	81.576	939	151	16	97433	98360	928	1	0.0	756
APHAN_134.Contig_5	NZ_KE384598.1:9077-9493	88.395	405	46	1	117380	117783	405	1	1.89e-136	486
APHAN_134.Contig_5	NZ_JANQDJ010000079.1:8272-9510	78.528	163	32	3	118888	119049	800	640	2.22e-21	104
APHAN_134.Contig_7	NZ_JACJTO010000010.1:102519-104831	98.879	2319	20	4	22720	25038	2313	1	0.0	4133
APHAN_134.Contig_7	NZ_KE384617.1:c46296-43954	84.622	2315	338	16	22730	25038	2303	1	0.0	2287
APHAN_134.Contig_7	NZ_CP020114.1:2794748-2797090	74.954	2180	489	45	22895	25038	2159	1	0.0	948
APHAN_134.Contig_8	NZ_JACJTO010000025.1:38869-41262	99.582	2394	10	0	48682	51075	2394	1	0.0	4366
APHAN_134.Contig_8	NZ_KE384607.1:c13130-10728	89.023	2405	251	8	48682	51075	2403	1	0.0	2966
APHAN_134.Contig_8	NZ_APIY01000452.1:c993-1	95.000	760	34	4	29134	29891	758	1	0.0	1190
APHAN_134.Contig_8	NZ_JACJTO010000056.1:2259-2900	97.040	642	19	0	89732	90373	1	642	0.0	1081
APHAN_134.Contig_8	NZ_CP020114.1:c2600812-2598359	77.173	1231	267	8	49855	51075	1227	1	0.0	704
APHAN_134.Contig_8	NZ_CP020114.1:c2600812-2598359	76.110	1126	253	12	48686	49800	2447	1327	3.18e-163	575
APHAN_134.Contig_8	NZ_KE384618.1:c48596-47955	86.422	626	85	0	89732	90357	1	626	0.0	686
APHAN_134.Contig_8	NZ_CP020114.1:c3984789-3984109	81.977	688	110	14	29211	29891	681	1	4.11e-162	571
APHAN_134.Contig_9	NZ_JACJTO010000034.1:c6821-5745	99.629	1077	4	0	61924	63000	1077	1	0.0	1967
APHAN_134.Contig_9	NZ_KE384612.1:c44638-43565	88.879	1070	119	0	61931	63000	1070	1	0.0	1317
APHAN_134.Contig_9	NZ_CP047242.1:c1128002-1126926	81.023	1075	199	4	61927	63000	1071	1	0.0	850
APHAN_134.Contig_9	NZ_LAHB01000028.1:11747-12823	80.594	1077	200	7	61927	63000	1071	1	0.0	822
APHAN_134.Contig_12	NZ_JACJTO010000018.1:1320-3509	98.904	2190	24	0	57110	59299	2190	1	0.0	3912
APHAN_134.Contig_12	NZ_KE384629.1:c9741-7552	91.332	2192	184	6	57111	59299	2189	1	0.0	2990
APHAN_134.Contig_12	NZ_CP020114.1:1241535-1243700	77.214	2168	472	19	57143	59299	2157	1	0.0	1247
APHAN_134.Contig_13	NZ_JACJTO010000009.1:117224-119689	99.066	2462	23	0	22120	24581	2462	1	0.0	4420
APHAN_134.Contig_13	NZ_KE384619.1:34218-36698	92.106	2483	177	13	22116	24581	2481	1	0.0	3482
APHAN_134.Contig_13	NZ_CP065936.1:c230552-228069	79.498	2112	415	16	22120	24222	2480	378	0.0	1485
APHAN_134.Contig_22	NZ_KE384650.1:c5800-5135	91.867	664	54	0	27221	27884	664	1	0.0	928
APHAN_134.Contig_25	NZ_JACJTO010000021.1:c66481-63539	99.456	2943	16	0	3406	6348	1	2943	0.0	5347
APHAN_134.Contig_25	NZ_KE384613.1:50020-52932	90.347	2072	192	6	4271	6338	836	2903	0.0	2712
APHAN_134.Contig_25	NZ_KE384613.1:50020-52932	90.658	760	71	0	3406	4165	1	760	0.0	1011
APHAN_134.Contig_25	NZ_CP020114.1:1383340-1386210	81.541	2064	362	18	4271	6323	788	2843	0.0	1683
APHAN_134.Contig_25	NZ_CP020114.1:1383340-1386210	81.832	666	119	2	3458	4122	41	705	1.60e-158	558
APHAN_134.Contig_25	NZ_LAHB01000066.1:14261-17194	81.313	2071	375	12	4271	6335	839	2903	0.0	1670
APHAN_134.Contig_25	NZ_LAHB01000066.1:14261-17194	81.081	703	131	2	3456	4157	93	794	4.44e-159	560
APHAN_134.Contig_25	NZ_JANQDJ010000007.1:29007-31877	79.903	2065	388	23	4271	6320	788	2840	0.0	1489
APHAN_134.Contig_25	NZ_LR882952.1:3185638-3188601	76.405	1708	360	35	4639	6323	1261	2948	0.0	881
APHAN_134.Contig_25	NZ_CP065936.1:191293-194172	78.669	661	137	3	3466	4124	64	722	7.80e-122	436
APHAN_134.Contig_25	NZ_JACJTO010000025.1:c30911-28323	100.000	34	0	0	12267	12300	1960	1927	1.52e-09	63.9
APHAN_134.Contig_26	NZ_JACJTO010000047.1:c23055-22450	99.505	606	3	0	9226	9831	606	1	0.0	1103
APHAN_134.Contig_26	NZ_KE384593.1:7130-7735	89.769	606	62	0	9226	9831	606	1	0.0	776
APHAN_134.Contig_33	NZ_JACJTO010000025.1:c30911-28323	98.880	2589	29	0	3577	6165	2589	1	0.0	4621
APHAN_134.Contig_33	NZ_KE384599.1:c2617-29	92.544	2575	192	0	3591	6165	2575	1	0.0	3692
APHAN_134.Contig_33	NZ_CP020114.1:5263565-5266156	78.939	2507	497	19	3605	6100	2564	78	0.0	1676
APHAN_134.Contig_33	NZ_CP065936.1:2811061-2813625	77.857	2520	508	39	3605	6108	2537	52	0.0	1517
APHAN_134.Contig_33	NZ_LAHB01000054.1:c38656-35963	82.155	566	98	3	3608	4172	2657	2094	7.35e-136	483
APHAN_134.Contig_35	NZ_JACJTO010000016.1:c84639-82762	99.627	1878	7	0	10541	12418	1878	1	0.0	3430
APHAN_134.Contig_35	NZ_KE384623.1:141568-143448	87.573	1875	228	3	10547	12417	1875	2	0.0	2167
APHAN_134.Contig_35	NZ_CP047242.1:316001-317884	78.349	1866	398	6	10548	12410	1871	9	0.0	1203
APHAN_134.Contig_35	NZ_CP020114.1:c3685187-3683310	78.357	1862	389	13	10548	12402	1871	17	0.0	1194
APHAN_134.Contig_35	NZ_CP065936.1:c3200925-3199030	77.607	1822	354	36	10587	12369	1853	47	0.0	1055
APHAN_134.Contig_35	NZ_JANQDJ010000067.1:18792-20678	76.759	1876	426	8	10548	12418	1871	1	0.0	1040
APHAN_134.Contig_35	NZ_AJLL01000040.1:c5960-4056	77.870	967	204	10	10548	11509	1898	937	1.11e-168	592
APHAN_134.Contig_35	NZ_LR882952.1:825531-827390	74.453	1370	327	13	11036	12386	1395	30	5.19e-162	569
APHAN_134.Contig_39	NZ_JACJTO010000002.1:186697-187296	99.000	600	6	0	9463	10062	1	600	0.0	1075
APHAN_134.Contig_39	NZ_KE384626.1:c8487-7888	90.468	598	57	0	9463	10060	1	598	0.0	789
APHAN_134.Contig_41	NZ_JACJTO010000006.1:81111-83156	99.267	2046	15	0	14014	16059	2046	1	0.0	3696
APHAN_134.Contig_41	NZ_KE384624.1:28797-30842	86.917	1995	249	12	14048	16036	2012	24	0.0	2228
APHAN_134.Contig_41	NZ_JANQDJ010000009.1:c72615-70459	77.384	734	156	9	15226	15954	852	124	3.03e-119	427
APHAN_134.Contig_41	NZ_JANQDJ010000009.1:c72615-70459	73.523	880	211	20	14327	15195	1784	916	2.46e-85	315
APHAN_134.Contig_51	NZ_JACJTO010000018.1:c30292-29192	98.093	1101	21	0	23816	24916	1	1101	0.0	1917
APHAN_134.Contig_51	NZ_KE384623.1:85149-86249	86.849	1095	144	0	23816	24910	1	1095	0.0	1225
APHAN_134.Contig_51	NZ_CP020114.1:4133055-4134158	78.138	988	214	2	23924	24910	112	1098	2.32e-179	627
APHAN_134.Contig_55	NZ_JACJTO010000022.1:c32001-30271	99.480	1731	9	0	17925	19655	1731	1	0.0	3147
APHAN_134.Contig_55	NZ_KE384623.1:25615-27345	87.666	1727	210	3	17931	19655	1726	1	0.0	2006
APHAN_134.Contig_55	NZ_LAHB01000054.1:258-2006	76.221	1720	376	24	17944	19639	1727	17	0.0	880
APHAN_134.Contig_55	NZ_CP020114.1:c257109-255382	75.802	1715	377	35	17941	19639	1709	17	0.0	833
APHAN_134.Contig_55	NZ_AJLL01000058.1:c38773-37028	73.148	1728	421	35	17941	19639	1730	17	1.65e-165	580
APHAN_134.Contig_56	NZ_JACJTO010000053.1:c8096-6411	99.585	1686	7	0	6193	7878	1	1686	0.0	3075
APHAN_134.Contig_56	NZ_KE384659.1:c96890-95211	88.071	1685	186	7	6195	7876	6	1678	0.0	1984
APHAN_134.Contig_56	NZ_JANQDJ010000041.1:c129390-127708	75.160	1719	358	43	6193	7878	1	1683	0.0	745
APHAN_134.Contig_94	NZ_JACJTO010000044.1:29549-30664	99.552	1116	5	0	171	1286	1116	1	0.0	2034
APHAN_134.Contig_94	NZ_KE384611.1:20879-21994	86.404	1118	148	4	171	1286	1116	1	0.0	1219
APHAN_134.Contig_94	NZ_LAHB01000007.1:c37334-36204	76.357	1087	238	15	211	1286	1079	1	2.20e-161	566
APHAN_134.Contig_95	NZ_JACJTO010000005.1:73734-75203	99.184	1470	12	0	8157	9626	1470	1	0.0	2649
APHAN_134.Contig_95	NZ_KE384604.1:24243-25682	80.850	1436	265	10	8196	9626	1431	1	0.0	1120
CYANO_106.Contig_1	NZ_CP065936.1:c2460808-2459912	96.321	897	33	0	80965	81861	1	897	0.0	1474
CYANO_106.Contig_2	NZ_CP065936.1:c230552-228069	95.100	2490	116	1	2835	5324	2484	1	0.0	3917
CYANO_106.Contig_2	NZ_CP065936.1:c284085-282517	95.156	1569	76	0	56537	58105	1569	1	0.0	2477
CYANO_106.Contig_2	NZ_JACJTO010000009.1:117224-119689	78.805	2109	429	16	2842	4941	2459	360	0.0	1402
CYANO_106.Contig_2	NZ_CP020114.1:1494535-1497006	74.130	1983	481	27	2881	4847	2426	460	0.0	791
CYANO_106.Contig_2	NZ_KE384657.1:c38707-37184	81.257	939	174	2	56586	57523	1484	547	0.0	758
CYANO_106.Contig_2	NZ_AESD01000714.1:c2746-287	74.554	1289	310	17	2974	4253	2321	1042	4.93e-155	547
CYANO_106.Contig_2	NZ_JACJTO010000022.1:5217-6737	79.433	282	57	1	57660	57940	474	193	5.72e-50	198
CYANO_106.Contig_3	NZ_CP065936.1:191293-194172	94.583	2880	132	5	30570	33425	1	2880	0.0	4433
CYANO_106.Contig_3	NZ_KE384613.1:50020-52932	79.735	2038	399	10	31380	33410	847	2877	0.0	1463
CYANO_106.Contig_3	NZ_KE384613.1:50020-52932	80.593	675	127	3	30631	31303	59	731	3.61e-146	518
CYANO_106.Contig_3	NZ_JACJTO010000021.1:c66481-63539	78.778	2078	408	31	31348	33410	848	2907	0.0	1363
CYANO_106.Contig_3	NZ_JACJTO010000021.1:c66481-63539	80.333	661	126	3	30633	31291	61	719	4.70e-140	497
CYANO_106.Contig_3	NZ_CP020114.1:1383340-1386210	75.427	2808	634	49	30633	33409	49	2831	0.0	1312
CYANO_106.Contig_3	NZ_CP065936.1:224962-226071	87.365	1108	134	1	61836	62943	1	1102	0.0	1266
CYANO_106.Contig_3	NZ_LAHB01000066.1:14261-17194	74.883	2775	655	38	30633	33386	103	2856	0.0	1225
CYANO_106.Contig_3	NZ_AESD01000518.1:420-3281	75.110	1362	318	18	31989	33339	1396	2747	3.46e-176	617
CYANO_106.Contig_3	NZ_JACJTO010000044.1:29549-30664	75.254	1083	237	25	61862	62929	28	1094	1.02e-136	486
CYANO_106.Contig_3	NZ_KE384611.1:20879-21994	74.241	1087	246	26	61836	62905	1	1070	2.25e-118	425
CYANO_106.Contig_3	NZ_CP020114.1:c3753248-3752118	73.254	1088	259	27	61862	62926	28	1106	3.84e-101	368
CYANO_106.Contig_3	NZ_JXYX01000008.1:214032-216905	74.175	848	198	16	30658	31492	38	877	1.40e-90	333
CYANO_106.Contig_3	NZ_LR882952.1:3185638-3188601	74.722	629	155	4	30633	31259	52	678	6.66e-74	278
CYANO_106.Contig_7	NZ_CP065936.1:627637-627936	96.667	300	10	0	37912	38211	1	300	1.11e-140	499
CYANO_106.Contig_9	NZ_CP065936.1:2811061-2813625	95.596	2566	101	3	35384	37949	1	2554	0.0	4102
CYANO_106.Contig_9	NZ_JACJTO010000025.1:c30911-28323	76.704	2567	556	37	35390	37932	13	2561	0.0	1389
CYANO_106.Contig_9	NZ_KE384599.1:c2617-29	76.599	2564	564	33	35390	37932	13	2561	0.0	1378
CYANO_106.Contig_9	NZ_AJLL01000034.1:c27036-24415	71.957	2539	648	55	35444	37944	79	2591	0.0	686
CYANO_106.Contig_9	NZ_LAHB01000054.1:c38656-35963	79.655	580	116	2	37358	37936	2086	2664	1.10e-115	416
CYANO_106.Contig_11	NZ_CP065936.1:2751755-2754202	96.201	2448	90	1	17025	19469	2448	1	0.0	4002
CYANO_106.Contig_11	NZ_CP065936.1:2759464-2761836	92.577	2398	128	8	9432	11804	2373	1	0.0	3397
CYANO_106.Contig_11	NZ_CP020114.1:c2600812-2598359	75.587	1065	232	22	18226	19282	1232	188	2.39e-141	501
CYANO_106.Contig_11	NZ_LAHB01000022.1:56880-59330	73.296	1247	309	18	18216	19457	1240	13	6.83e-122	436
CYANO_106.Contig_12	NZ_CP065936.1:c2399438-2398872	97.178	567	16	0	24162	24728	567	1	0.0	959
CYANO_106.Contig_20	NZ_CP065936.1:c939913-937751	96.764	2163	70	0	24574	26736	1	2163	0.0	3607
CYANO_106.Contig_20	NZ_KE384629.1:c9741-7552	78.182	1815	386	10	24574	26383	1	1810	0.0	1149
CYANO_106.Contig_20	NZ_JACJTO010000018.1:1320-3509	78.072	1815	378	17	24574	26378	1	1805	0.0	1129
CYANO_106.Contig_22	NZ_CP065936.1:3751441-3753438	96.496	1998	70	0	10224	12221	1	1998	0.0	3302
CYANO_106.Contig_22	NZ_KE384619.1:c14724-12727	77.744	1968	418	18	10233	12190	10	1967	0.0	1190
CYANO_106.Contig_29	NZ_CP065936.1:978207-978839	95.447	637	25	1	11657	12293	1	633	0.0	1013
CYANO_106.Contig_33	NZ_CP065936.1:1179097-1180545	95.583	1449	64	0	9304	10752	1	1449	0.0	2322
CYANO_106.Contig_33	NZ_KE384604.1:24243-25682	70.523	1452	380	42	9304	10731	1	1428	5.31e-71	267
CYANO_106.Contig_45	NZ_CP065936.1:c2018766-2017693	96.834	1074	34	0	10975	12048	1	1074	0.0	1796
CYANO_106.Contig_46	NZ_CP065936.1:c1151754-1150639	96.502	1115	39	0	16232	17346	1	1115	0.0	1844
CYANO_106.Contig_50	NZ_CP065936.1:c2116201-2114903	95.381	1299	60	0	7635	8933	1	1299	0.0	2067
CYANO_106.Contig_50	NZ_LAHB01000015.1:c109909-108659	76.051	1094	252	9	7845	8933	163	1251	1.75e-159	560
CYANO_106.Contig_51	NZ_CP065936.1:844274-845995	95.428	1728	73	1	744	2471	1722	1	0.0	2748
CYANO_106.Contig_51	NZ_CP047242.1:4055998-4057746	72.922	1540	379	31	948	2471	1518	1	3.75e-141	499
CYANO_106.Contig_75	NZ_CP065936.1:c2133247-2132603	97.519	645	16	0	8992	9636	645	1	0.0	1103
CYANO_106.Contig_77	NZ_CP065936.1:c1419321-1418902	94.762	420	22	0	8953	9372	1	420	0.0	654
CYANO_106.Contig_85	NZ_CP065936.1:c1886757-1884934	96.054	963	38	0	5007	5969	862	1824	0.0	1568
CYANO_106.Contig_85	NZ_CP065936.1:c1886757-1884934	96.071	840	33	0	4185	5024	1	840	0.0	1369
CYANO_106.Contig_108	NZ_CP065936.1:1280496-1282148	96.249	1653	62	0	5024	6676	1653	1	0.0	2710
CYANO_106.Contig_116	NZ_CP065936.1:2907633-2908235	92.869	603	43	0	3043	3645	603	1	0.0	876
CYANO_106.Contig_129	NZ_CP065936.1:2181246-2181746	92.814	501	36	0	3591	4091	1	501	0.0	726
CYANO_106.Contig_158	NZ_CP065936.1:c3200925-3199030	95.085	1241	61	0	3102	4342	1895	655	0.0	1954
CYANO_45.Contig_1	NZ_LR882952.1:888775-890772	99.800	1998	4	0	335448	337445	1	1998	0.0	3668
CYANO_45.Contig_1	NZ_LR882952.1:825531-827390	100.000	1860	0	0	270597	272456	1	1860	0.0	3435
CYANO_45.Contig_1	NZ_LR882952.1:c878638-878027	98.693	612	8	0	324972	325583	612	1	0.0	1086
CYANO_45.Contig_1	NZ_LR882952.1:c878638-878027	97.462	197	5	0	324227	324423	612	416	5.31e-91	337
CYANO_45.Contig_1	NZ_JACJTO010000016.1:c84639-82762	74.471	1371	325	16	270626	271991	33	1383	4.81e-161	569
CYANO_45.Contig_1	NZ_KE384623.1:141568-143448	72.924	1385	341	24	270618	271991	25	1386	6.54e-125	449
CYANO_45.Contig_1	NZ_JXYX01000003.1:285054-286931	77.778	693	152	2	270711	271402	118	809	1.10e-117	425
CYANO_45.Contig_1	NZ_JXYX01000003.1:285054-286931	72.126	696	165	20	271783	272453	1178	1869	7.32e-45	183
CYANO_45.Contig_1	NZ_AESD01000514.1:2053-3888	73.068	1359	298	50	270675	272005	37	1355	5.12e-116	420
CYANO_45.Contig_1	NZ_CP065936.1:c3200925-3199030	73.160	924	215	22	271077	271991	505	1404	1.94e-80	302
CYANO_45.Contig_1	NZ_CP065936.1:c2399438-2398872	75.217	577	123	18	324972	325538	567	1	1.53e-66	255
CYANO_45.Contig_2	NZ_LR882952.1:3843913-3845499	99.307	1587	11	0	302334	303920	1	1587	0.0	2870
CYANO_45.Contig_2	NZ_LR882952.1:c3766327-3764780	99.935	1548	1	0	230752	232299	1548	1	0.0	2854
CYANO_45.Contig_2	NZ_LR882952.1:c3666574-3666056	100.000	519	0	0	130822	131340	519	1	0.0	959
CYANO_45.Contig_2	NZ_LR882952.1:c3655166-3654753	100.000	414	0	0	119676	120089	414	1	0.0	765
CYANO_45.Contig_2	NZ_CP020114.1:c2388482-2386908	76.344	837	196	2	302964	303799	589	1424	2.14e-124	448
CYANO_45.Contig_2	NZ_CP047242.1:c3607546-3606023	75.090	831	195	12	302963	303787	552	1376	2.85e-103	377
CYANO_45.Contig_2	NZ_JACJTO010000022.1:5217-6737	75.249	804	189	8	303013	303811	599	1397	3.69e-102	374
CYANO_45.Contig_2	NZ_KE384657.1:c38707-37184	74.791	837	195	14	302963	303791	555	1383	7.98e-99	363
CYANO_45.Contig_3	NZ_LR882952.1:933256-933792	100.000	537	0	0	23263	23799	1	537	0.0	992
CYANO_45.Contig_6	NZ_LR882952.1:2770426-2772612	99.954	2187	1	0	23539	25725	2187	1	0.0	4034
CYANO_45.Contig_6	NZ_JANQDJ010000018.1:69116-71290	75.072	690	159	13	24200	24883	1502	820	5.82e-83	309
CYANO_45.Contig_12	NZ_LR882952.1:2067445-2069868	99.959	2424	1	0	76001	78424	2424	1	0.0	4471
CYANO_45.Contig_13	NZ_LR882952.1:4391193-4392281	99.541	1089	5	0	14658	15746	1089	1	0.0	1984
CYANO_45.Contig_13	NZ_LAHB01000028.1:11747-12823	76.254	897	208	5	14789	15683	948	55	4.16e-132	472
CYANO_45.Contig_14	NZ_LR882952.1:2905382-2905909	99.621	528	2	0	82798	83325	1	528	0.0	965
CYANO_45.Contig_16	NZ_LR882952.1:c1965230-1962858	99.958	2373	1	0	12235	14607	2373	1	0.0	4377
CYANO_45.Contig_24	NZ_LR882952.1:4703243-4704967	99.826	1725	3	0	23877	25601	1	1725	0.0	3169
CYANO_45.Contig_26	NZ_LR882952.1:c1896596-1895931	99.550	666	3	0	8590	9255	666	1	0.0	1214
CYANO_45.Contig_28	NZ_LR882952.1:3185638-3188601	99.426	2964	17	0	10380	13343	2964	1	0.0	5380
CYANO_45.Contig_28	NZ_JACJTO010000021.1:c66481-63539	76.274	1707	364	33	10396	12083	2918	1234	0.0	870
CYANO_45.Contig_28	NZ_AESD01000518.1:420-3281	76.000	675	158	4	12620	13292	685	13	1.40e-94	346
CYANO_45.Contig_29	NZ_LR882952.1:c3281201-3279519	99.584	1683	7	0	43642	45324	1	1683	0.0	3070
CYANO_45.Contig_37	NZ_LR882952.1:4510967-4513630	99.437	2664	15	0	36014	38677	1	2664	0.0	4837
CYANO_45.Contig_37	NZ_LR882952.1:c4515998-4515366	99.526	633	3	0	40422	41054	633	1	0.0	1153
CYANO_45.Contig_37	NZ_CP047242.1:5269141-5271705	72.636	2496	617	41	36128	38608	106	2550	0.0	765
CYANO_45.Contig_38	NZ_LR882952.1:2341142-2342395	99.761	1254	3	0	19235	20488	1	1254	0.0	2300
CYANO_45.Contig_42	NZ_LR882952.1:4667585-4668514	99.892	930	1	0	24860	25789	1	930	0.0	1712
CYANO_45.Contig_43	NZ_LR882952.1:c1527206-1526073	100.000	1134	0	0	17169	18302	1134	1	0.0	2095
CYANO_45.Contig_56	NZ_LR882952.1:c4098973-4096490	100.000	2484	0	0	832	3315	2484	1	0.0	4588
CYANO_45.Contig_56	NZ_JXYX01000001.1:c845495-843027	76.912	1347	279	30	932	2262	2369	1039	0.0	736
CYANO_45.Contig_61	NZ_KE384612.1:c25373-24126	76.744	258	52	5	5432	5685	807	554	2.62e-32	137
CYANO_45.Contig_63	NZ_LR882952.1:c1487083-1485926	100.000	1158	0	0	12486	13643	1	1158	0.0	2139
CYANO_45.Contig_68	NZ_KE384612.1:c25373-24126	85.714	56	8	0	278	333	237	182	4.24e-09	60.2
CYANO_51_1.Contig_1	NZ_LR882952.1:3185638-3188601	77.636	2039	436	19	78580	80608	868	2896	0.0	1221
CYANO_51_1.Contig_1	NZ_LAHB01000066.1:14261-17194	79.332	629	124	4	77713	78338	103	728	2.02e-121	436
CYANO_51_1.Contig_1	NZ_JXYX01000008.1:214032-216905	78.961	385	81	0	77738	78122	38	422	3.63e-69	263
CYANO_51_1.Contig_25	NZ_LR882952.1:2067445-2069868	81.366	322	58	2	29621	29941	1243	923	4.97e-69	261
CYANO_51_1.Contig_25	NZ_LR882952.1:2067445-2069868	74.667	525	126	7	30030	30551	872	352	1.81e-58	226
CYANO_51_1.Contig_53	NZ_LR882952.1:c4098973-4096490	77.944	2072	442	15	12856	14919	2451	387	0.0	1280
CYANO_51_1.Contig_53	NZ_KE384599.1:c2617-29	71.983	2113	534	50	27317	29397	2561	475	5.56e-162	569
CYANO_51_1.Contig_53	NZ_JACJTO010000025.1:c30911-28323	71.708	2149	550	50	27317	29433	2561	439	2.60e-155	547
CYANO_51_1.Contig_57	NZ_CP020114.1:c4994885-4993635	78.070	114	25	0	1719	1832	726	613	1.83e-12	73.1
CYANO_51_1.Contig_57	NZ_CP085785.1:1916104-1917300	81.176	85	14	2	1671	1754	720	637	8.51e-11	67.6
CYANO_51_1.Contig_61	NZ_JACJTO010000018.1:c30292-29192	73.349	878	212	19	5864	6730	145	1011	1.59e-82	305
CYANO_51_1.Contig_63	NZ_CP020114.1:c3685187-3683310	72.819	1880	442	52	13352	15204	1871	34	2.98e-164	577
CYANO_51_1.Contig_63	NZ_AJLL01000040.1:c5960-4056	71.713	1909	488	46	13352	15228	1898	10	5.17e-137	486
CYANO_51_1.Contig_79	NZ_LR882952.1:888775-890772	79.202	1904	380	16	8369	10264	1997	102	0.0	1308
CYANO_51_1.Contig_79	NZ_CP020114.1:c123803-121806	76.289	1940	430	23	8402	10326	1964	40	0.0	1007
CYANO_51_1.Contig_79	NZ_AJLL01000063.1:c82007-80010	75.974	1977	451	19	8368	10332	1998	34	0.0	998
CYANO_51_1.Contig_122	NZ_LR882952.1:c3766327-3764780	87.692	65	8	0	6739	6803	130	66	7.31e-14	76.8
CYANO_51_1.Contig_151	NZ_LR882952.1:2770426-2772612	74.296	1739	405	36	3843	5560	1718	1	0.0	697
CYANO_51_1.Contig_151	NZ_AESD01000712.1:c15827-13695	69.876	1371	345	56	4097	5433	1443	107	1.22e-45	182
CYANO_51_1.Contig_183	NZ_LAHB01000028.1:11747-12823	77.031	997	227	2	11155	12150	1023	28	4.67e-163	571
CYANO_51_1.Contig_183	NZ_KE384612.1:c44638-43565	78.034	824	181	0	11327	12150	851	28	1.72e-147	520
CYANO_51_1.Contig_186	NZ_CP047242.1:2717252-2718502	74.307	794	198	6	4705	5495	429	1219	8.49e-91	331
CYANO_51_1.Contig_293	NZ_AESD01000164.1:3534-5099	75.565	929	210	12	1583	2501	580	1501	8.45e-125	442
CYANO_79.Contig_87	NZ_LAHB01000015.1:c109909-108659	82.645	121	19	2	3352	3471	810	691	3.00e-23	106
CYANO_79.Contig_382	NZ_JXYX01000014.1:c55009-53006	71.247	1492	409	17	693	2174	99	1580	3.01e-100	361
CYANO_79.Contig_599	NZ_KE384607.1:c13130-10728	88.000	75	9	0	2454	2528	1229	1155	1.16e-18	89.8
CYANO_84.Contig_1	NZ_JACJTO010000007.1:68616-70613	90.366	1993	188	4	35538	37528	1	1991	0.0	2614
CYANO_84.Contig_1	NZ_KE384619.1:c14724-12727	90.115	1993	195	2	35538	37529	1	1992	0.0	2588
CYANO_84.Contig_1	NZ_LAHB01000011.1:23963-25960	81.405	1979	358	8	35556	37529	19	1992	0.0	1607
CYANO_84.Contig_1	NZ_CP020114.1:c123803-121806	80.231	1993	379	14	35543	37528	7	1991	0.0	1483
CYANO_84.Contig_1	NZ_JANQDJ010000069.1:c3091-1094	79.880	1993	388	12	35543	37529	7	1992	0.0	1447
CYANO_84.Contig_1	NZ_CP047242.1:778650-780647	79.310	1972	398	10	35554	37520	17	1983	0.0	1373
CYANO_84.Contig_1	NZ_KE384626.1:c8487-7888	89.465	598	63	0	37956	38553	598	1	0.0	756
CYANO_84.Contig_1	NZ_JACJTO010000002.1:186697-187296	89.316	599	64	0	37955	38553	599	1	0.0	752
CYANO_84.Contig_6	NZ_JACJTO010000047.1:c23055-22450	88.944	606	67	0	20565	21170	1	606	0.0	749
CYANO_84.Contig_6	NZ_KE384593.1:7130-7735	86.513	608	78	4	20565	21170	1	606	0.0	665
CYANO_84.Contig_6	NZ_CP020114.1:3584955-3585557	79.732	523	104	2	20565	21086	1	522	3.81e-104	377
CYANO_84.Contig_6	NZ_CP047242.1:4005145-4005750	76.897	593	137	0	20565	21157	1	593	6.47e-92	337
CYANO_84.Contig_6	NZ_CP065936.1:978207-978839	76.897	593	123	11	20575	21157	11	599	5.04e-88	324
CYANO_84.Contig_10	NZ_JACJTO010000010.1:102519-104831	86.859	2321	289	15	14731	17043	2313	1	0.0	2582
CYANO_84.Contig_10	NZ_KE384617.1:c46296-43954	84.306	2313	343	17	14741	17043	2303	1	0.0	2242
CYANO_84.Contig_10	NZ_CP047242.1:c2304021-2301703	76.983	1790	388	20	15266	17043	1778	1	0.0	1002
CYANO_84.Contig_10	NZ_JANQDJ010000031.1:4416-6734	76.270	1791	395	28	15265	17043	1773	1	0.0	926
CYANO_84.Contig_10	NZ_CP065936.1:2759464-2761836	75.681	1468	329	23	15329	16788	1718	271	0.0	708
CYANO_84.Contig_19	NZ_JACJTO010000025.1:c30911-28323	85.964	2579	347	11	11300	13876	2574	9	0.0	2743
CYANO_84.Contig_19	NZ_KE384599.1:c2617-29	85.770	2558	350	10	11300	13856	2574	30	0.0	2695
CYANO_84.Contig_19	NZ_CP020114.1:5263565-5266156	80.275	2545	458	32	11304	13838	2573	63	0.0	1879
CYANO_84.Contig_19	NZ_CP065936.1:2811061-2813625	77.951	1864	391	19	11975	13828	1905	52	0.0	1147
CYANO_84.Contig_25	NZ_KE384604.1:24243-25682	80.625	1440	271	8	10512	11947	1436	1	0.0	1107
CYANO_84.Contig_25	NZ_JACJTO010000005.1:73734-75203	79.471	1437	283	12	10517	11947	1431	1	0.0	1009
CYANO_84.Contig_29	NZ_JACJTO010000044.1:29549-30664	87.173	1107	142	0	5815	6921	1	1107	0.0	1258
CYANO_84.Contig_29	NZ_KE384611.1:20879-21994	84.463	1107	172	0	5815	6921	1	1107	0.0	1092
CYANO_84.Contig_29	NZ_LAHB01000007.1:c37334-36204	75.227	1102	238	29	5815	6897	1	1086	2.83e-138	490
CYANO_84.Contig_29	NZ_CP047242.1:c5529770-5528640	74.499	1098	250	25	5815	6897	1	1083	4.81e-126	449
CYANO_84.Contig_33	NZ_KE384659.1:c96890-95211	88.462	364	42	0	38	401	372	9	2.82e-123	440
CYANO_84.Contig_33	NZ_JACJTO010000053.1:c8096-6411	85.037	401	58	2	2	401	405	6	2.86e-113	407
CYANO_84.Contig_38	NZ_JACJTO010000006.1:81111-83156	87.963	1944	234	0	63	2006	2026	83	0.0	2294
CYANO_84.Contig_38	NZ_KE384624.1:28797-30842	86.144	2028	273	8	65	2088	2024	1	0.0	2182
CYANO_84.Contig_39	NZ_JACJTO010000018.1:1320-3509	87.814	2191	263	4	7255	9443	1	2189	0.0	2564
CYANO_84.Contig_39	NZ_KE384629.1:c9741-7552	87.551	2193	267	6	7255	9444	1	2190	0.0	2532
CYANO_84.Contig_39	NZ_CP020114.1:1241535-1243700	77.762	2163	469	12	7255	9411	1	2157	0.0	1319
CYANO_84.Contig_39	NZ_LAHB01000059.1:c32765-30606	77.185	2174	454	37	7255	9410	1	2150	0.0	1229
CYANO_84.Contig_39	NZ_JANQDJ010000018.1:69116-71290	76.673	2182	467	37	7255	9411	1	2165	0.0	1171
CYANO_84.Contig_39	NZ_CP047242.1:4645432-4647588	76.020	2181	477	41	7255	9417	1	2153	0.0	1088
CYANO_84.Contig_39	NZ_AESD01000712.1:c15827-13695	70.935	1476	386	34	7273	8727	22	1475	7.85e-84	309
CYANO_84.Contig_48	NZ_KE384612.1:c25373-24126	77.574	272	57	4	12828	13097	538	807	2.10e-39	161
CYANO_84.Contig_77	NZ_JACJTO010000022.1:5217-6737	86.071	1321	163	12	15496	16816	1521	222	0.0	1400
CYANO_84.Contig_77	NZ_KE384657.1:c38707-37184	85.736	1318	168	10	15500	16816	1520	222	0.0	1375
CYANO_84.Contig_77	NZ_JANQDJ010000020.1:4609-6129	78.683	1276	240	25	15551	16816	1475	222	0.0	821
CYANO_84.Contig_77	NZ_CP020114.1:c2388482-2386908	81.325	921	170	2	15551	16470	1505	586	0.0	747
CYANO_84.Contig_77	NZ_LR882952.1:3843913-3845499	75.501	849	206	2	15620	16467	1478	631	1.13e-115	414
CYANO_84.Contig_77	NZ_CP065936.1:c284085-282517	81.712	257	47	0	16560	16816	451	195	1.23e-55	215
CYANO_84.Contig_87	NZ_APIY01000452.1:c993-1	97.638	127	3	0	3839	3965	236	362	8.57e-57	219
CYANO_84.Contig_87	NZ_CP020114.1:c3984789-3984109	87.805	123	15	0	3839	3961	236	358	1.48e-34	145
CYANO_84.Contig_91	NZ_KE384607.1:c13130-10728	85.437	1236	179	1	8910	10145	1	1235	0.0	1284
CYANO_84.Contig_91	NZ_KE384607.1:c13130-10728	82.555	1135	193	3	10221	11354	1273	2403	0.0	994
CYANO_84.Contig_91	NZ_JACJTO010000025.1:38869-41262	85.113	1236	177	4	8910	10145	1	1229	0.0	1256
CYANO_84.Contig_91	NZ_JACJTO010000025.1:38869-41262	84.493	1135	168	5	10221	11354	1267	2394	0.0	1114
CYANO_84.Contig_91	NZ_CP020114.1:c2600812-2598359	75.577	2469	553	42	8910	11350	1	2447	0.0	1173
CYANO_84.Contig_91	NZ_CP047242.1:c4593312-4590916	77.954	1134	236	11	10226	11352	1266	2392	0.0	697
CYANO_84.Contig_93	NZ_JACJTO010000021.1:c66481-63539	84.840	2876	424	12	10500	13366	2930	58	0.0	2885
CYANO_84.Contig_93	NZ_KE384613.1:50020-52932	85.294	2074	295	8	10492	12557	2908	837	0.0	2132
CYANO_84.Contig_93	NZ_LAHB01000066.1:14261-17194	79.633	2072	408	12	10496	12557	2907	840	0.0	1476
CYANO_84.Contig_93	NZ_LAHB01000066.1:14261-17194	80.455	660	127	2	12708	13366	758	100	2.02e-142	503
CYANO_84.Contig_93	NZ_CP020114.1:1383340-1386210	78.820	2068	403	28	10512	12557	2843	789	0.0	1360
CYANO_84.Contig_97	NZ_KE384650.1:c5800-5135	85.100	651	94	3	1378	2026	4	653	0.0	662
CYANO_84.Contig_125	NZ_JACJTO010000022.1:c32001-30271	88.143	1729	205	0	10199	11927	1	1729	0.0	2058
CYANO_84.Contig_125	NZ_KE384623.1:25615-27345	86.227	1728	233	3	10199	11923	1	1726	0.0	1868
CYANO_84.Contig_125	NZ_LAHB01000054.1:258-2006	77.700	1722	347	30	10215	11910	17	1727	0.0	1018
CYANO_84.Contig_125	NZ_CP020114.1:c257109-255382	76.793	1715	360	35	10215	11913	17	1709	0.0	928
CYANO_84.Contig_137	NZ_KE384612.1:c44638-43565	89.562	1073	112	0	9709	10781	1073	1	0.0	1362
CYANO_84.Contig_137	NZ_JACJTO010000034.1:c6821-5745	88.208	1077	127	0	9705	10781	1077	1	0.0	1286
CYANO_84.Contig_137	NZ_CP047242.1:c1128002-1126926	81.920	1073	185	8	9712	10781	1067	1	0.0	898
CYANO_84.Contig_137	NZ_JANQDJ010000049.1:2341-3420	82.652	1003	168	5	9763	10762	1019	20	0.0	883
CYANO_84.Contig_137	NZ_CP020114.1:4705113-4706183	81.765	1020	184	2	9763	10781	1019	1	0.0	852
CYANO_84.Contig_153	NZ_JACJTO010000016.1:c84639-82762	88.279	1877	210	10	6887	8758	1872	1	0.0	2239
CYANO_84.Contig_153	NZ_KE384623.1:141568-143448	86.181	1867	251	5	6881	8742	1881	17	0.0	2012
CYANO_84.Contig_153	NZ_CP020114.1:c3685187-3683310	79.004	1867	368	23	6888	8742	1871	17	0.0	1254
CYANO_84.Contig_153	NZ_CP047242.1:316001-317884	78.202	1858	395	9	6888	8740	1871	19	0.0	1179
CYANO_84.Contig_153	NZ_JANQDJ010000067.1:18792-20678	77.902	1878	401	12	6888	8758	1871	1	0.0	1157
CYANO_84.Contig_153	NZ_CP065936.1:c3200925-3199030	77.922	1848	350	37	6887	8693	1893	63	0.0	1099
CYANO_84.Contig_153	NZ_LR882952.1:825531-827390	73.314	1379	327	28	7376	8726	1395	30	1.47e-132	470
CYANO_84.Contig_165	NZ_KE384623.1:85149-86249	85.593	354	51	0	9337	9690	1	354	3.97e-103	372
CYANO_84.Contig_191	NZ_JACJTO010000022.1:5217-6737	88.636	220	20	4	1	216	219	1	2.18e-70	263
CYANO_84.Contig_191	NZ_KE384657.1:c38707-37184	83.721	215	32	2	5	216	215	1	1.74e-51	200
CYANO_84.Contig_205	NZ_KE384598.1:9077-9493	89.268	410	44	0	6348	6757	1	410	4.97e-146	514
CYANO_84.Contig_205	NZ_JACJTO010000004.1:85579-85998	88.432	389	45	0	6348	6736	1	389	1.09e-132	470
CYANO_84.Contig_222	NZ_JACJTO010000056.1:2259-2900	89.408	642	68	0	4770	5411	1	642	0.0	809
CYANO_84.Contig_222	NZ_KE384618.1:c48596-47955	87.742	620	76	0	4770	5389	1	620	0.0	725
CYANO_84.Contig_225	NZ_KE384612.1:c25373-24126	85.073	1159	173	0	3019	4177	1248	90	0.0	1182
CYANO_84.Contig_225	NZ_JACJTO010000009.1:c53190-51958	84.771	1090	164	2	3019	4107	1233	145	0.0	1092
CYANO_84.Contig_225	NZ_CP047242.1:2717252-2718502	79.853	1092	214	5	3019	4107	1251	163	0.0	793
CYANO_84.Contig_225	NZ_CP065936.1:c2116201-2114903	77.015	1092	247	4	3019	4108	1299	210	7.32e-179	623
CYANO_84.Contig_292	NZ_KE384619.1:34218-36698	87.339	2488	292	15	248	2719	2481	1	0.0	2828
CYANO_84.Contig_292	NZ_JACJTO010000009.1:117224-119689	87.009	2471	309	10	252	2719	2462	1	0.0	2774
CYANO_84.Contig_292	NZ_CP065936.1:c230552-228069	79.924	2117	407	15	252	2359	2480	373	0.0	1539
CYANO_84.Contig_292	NZ_CP047242.1:c3826190-3823722	77.738	2484	526	23	248	2719	2469	1	0.0	1498
CYANO_84.Contig_292	NZ_JANQDJ010000052.1:50504-52975	77.559	2491	521	31	248	2719	2472	1	0.0	1469
CYANO_84.Contig_292	NZ_AJLL01000011.1:33544-36057	78.054	2169	463	11	252	2413	2510	348	0.0	1356
CYANO_84.Contig_292	NZ_LAHB01000010.1:c25274-22785	77.885	2175	463	17	252	2417	2486	321	0.0	1336
CYANO_84.Contig_292	NZ_AESD01000714.1:c2746-287	75.690	1304	297	16	386	1679	2322	1029	0.0	634
CYANO_84.Contig_313	NZ_KE384634.1:13210-13860	88.308	650	73	2	3081	3727	1	650	0.0	776
CYANO_84.Contig_313	NZ_JXYX01000001.1:1044864-1045685	83.621	116	19	0	3429	3544	526	641	1.56e-24	110
CYANO_84.Contig_362	NZ_JACJTO010000053.1:c8096-6411	85.167	1409	187	12	1932	3320	1686	280	0.0	1424
CYANO_84.Contig_362	NZ_KE384659.1:c96890-95211	83.583	1401	211	11	1934	3320	1678	283	0.0	1295
CYANO_84.Contig_362	NZ_JANQDJ010000041.1:c129390-127708	75.227	1429	289	45	1932	3320	1683	280	1.58e-177	617
CYANO_84.Contig_405	NZ_JACJTO010000018.1:c30292-29192	88.222	866	102	0	2	867	232	1097	0.0	1035
CYANO_84.Contig_405	NZ_KE384623.1:85149-86249	86.279	860	114	4	5	862	235	1092	0.0	931
CYANO_84.Contig_405	NZ_LAHB01000037.1:16282-17382	78.337	854	179	5	5	855	235	1085	1.64e-156	547
CYBIM_101_1.Contig_83	NZ_CP085785.1:c341768-340698	78.587	906	178	15	2937	3834	36	933	4.45e-167	584
CYBIM_101.Contig_53	NZ_CP085785.1:c341768-340698	78.094	913	184	15	7566	8470	933	29	1.08e-160	564
CYBIM_104.Contig_2	NZ_CP085785.1:2311795-2314443	83.203	256	43	0	42438	42693	2331	2076	1.29e-60	235
CYBIM_104.Contig_23	NZ_CP085785.1:c2020913-2018982	75.335	373	82	8	60687	61054	203	570	1.01e-41	171
CYBIM_114.Contig_32	NZ_JACJTO010000007.1:68616-70613	76.395	233	55	0	9939	10171	205	437	5.54e-29	126
CYBIM_114.Contig_32	NZ_KE384619.1:c14724-12727	74.104	251	65	0	9921	10171	187	437	2.60e-22	104
CYBIM_114.Contig_101	NZ_CP085785.1:c341768-340698	78.343	905	182	13	7630	8527	933	36	8.95e-164	573
CYBIM_119_1.Contig_48	NZ_CP085785.1:c2020913-2018982	76.757	370	82	3	13057	13424	570	203	2.53e-52	204
CYBIM_130_1.Contig_60	NZ_CP085785.1:c2020913-2018982	74.797	369	91	2	3652	4019	203	570	8.98e-41	165
CYBIM_190.Contig_141	NZ_CP085785.1:c341768-340698	79.054	888	174	11	6482	7363	52	933	1.30e-171	599
CYBIM_200.Contig_5	NZ_JACJTO010000016.1:c84639-82762	82.209	163	25	2	63014	63174	226	386	1.69e-31	137
CYBIM_31.Contig_56	NZ_CP085785.1:c341768-340698	76.180	869	201	6	6989	7854	64	929	3.28e-127	453
CYBIM_51.Contig_129	NZ_LR882952.1:825531-827390	77.844	167	37	0	4527	4693	223	389	1.03e-22	104
CYBIM_52.Contig_1	NZ_CP085785.1:c844832-841821	73.300	1412	339	35	40805	42197	2898	1506	7.53e-136	484
CYBIM_52.Contig_20	NZ_CP085785.1:c2020913-2018982	73.721	567	121	20	5814	6369	21	570	9.43e-50	196
CYBIM_60_1.Contig_45	NZ_CP085785.1:c341768-340698	79.880	666	122	11	4	663	274	933	2.26e-134	477
CYBIM_63.Contig_2	NZ_CP085785.1:c341768-340698	78.232	905	183	13	32713	33610	933	36	8.28e-161	568
CYBIM_67.Contig_128	NZ_CP085785.1:c341768-340698	78.781	886	174	13	4012	4890	933	55	8.48e-167	582
CYBIM_73_1.Contig_39	NZ_CP085785.1:c341768-340698	78.232	905	183	13	24517	25414	36	933	1.36e-161	568
CYBIM_76.Contig_15	NZ_CP085785.1:c844832-841821	74.589	1519	346	36	39474	40972	3004	1506	5.10e-180	630
CYBIM_93.Contig_16	NZ_CP085785.1:c341768-340698	78.366	906	180	14	66206	67103	36	933	7.46e-163	573
CYBIM_94.Contig_53	NZ_CP085785.1:c2020913-2018982	75.260	384	91	3	12586	12967	570	189	3.97e-45	180
CYBIM_96.Contig_120	NZ_CP085785.1:c341768-340698	78.343	905	182	13	5286	6183	36	933	7.23e-164	573
DOLIS_105.Contig_11	NZ_KE384598.1:9077-9493	90.380	395	36	2	8722	9115	410	17	1.73e-146	518
DOLIS_105.Contig_11	NZ_JACJTO010000004.1:85579-85998	88.206	407	40	7	8727	9128	404	1	8.15e-135	479
DOLIS_105.Contig_16	NZ_JACJTO010000044.1:29549-30664	90.233	1116	109	0	23901	25016	1116	1	0.0	1458
DOLIS_105.Contig_16	NZ_KE384611.1:20879-21994	86.470	1116	151	0	23901	25016	1116	1	0.0	1225
DOLIS_105.Contig_16	NZ_LAHB01000007.1:c37334-36204	77.798	1090	217	23	23941	25016	1079	1	0.0	649
DOLIS_105.Contig_16	NZ_CP047242.1:c5529770-5528640	74.771	1090	238	31	23945	25016	1071	1	1.26e-127	455
DOLIS_105.Contig_16	NZ_JANQDJ010000042.1:c31550-30393	74.202	1128	250	27	23922	25016	1120	1	5.92e-121	433
DOLIS_105.Contig_25	NZ_JACJTO010000022.1:5217-6737	87.297	1543	170	13	24232	25770	1	1521	0.0	1740
DOLIS_105.Contig_25	NZ_KE384657.1:c38707-37184	85.538	1542	200	12	24232	25769	1	1523	0.0	1591
DOLIS_105.Contig_25	NZ_CP047242.1:c3607546-3606023	80.898	1314	229	14	24445	25755	214	1508	0.0	1016
DOLIS_105.Contig_25	NZ_JANQDJ010000020.1:4609-6129	83.088	272	44	2	24423	24693	195	465	7.32e-65	246
DOLIS_105.Contig_25	NZ_CP065936.1:c284085-282517	80.068	296	56	2	24411	24706	159	451	5.74e-56	217
DOLIS_105.Contig_29	NZ_JACJTO010000004.1:105234-106163	86.233	937	115	14	22564	23493	1	930	0.0	1003
DOLIS_105.Contig_29	NZ_KE384592.1:c39642-38713	84.549	932	140	4	22564	23493	1	930	0.0	920
DOLIS_105.Contig_32	NZ_JACJTO010000007.1:68616-70613	92.972	1992	138	2	8551	10541	1	1991	0.0	2902
DOLIS_105.Contig_32	NZ_JACJTO010000007.1:68616-70613	100.000	44	0	0	10669	10712	1955	1998	2.05e-15	82.4
DOLIS_105.Contig_32	NZ_KE384619.1:c14724-12727	89.484	1997	210	0	8551	10547	1	1997	0.0	2525
DOLIS_105.Contig_32	NZ_KE384619.1:c14724-12727	97.674	43	1	0	10587	10629	1955	1997	3.43e-13	75.0
DOLIS_105.Contig_32	NZ_LAHB01000011.1:23963-25960	81.112	1996	364	13	8558	10547	9	1997	0.0	1585
DOLIS_105.Contig_32	NZ_CP020114.1:c123803-121806	81.081	1998	365	13	8556	10547	7	1997	0.0	1583
DOLIS_105.Contig_32	NZ_JANQDJ010000069.1:c3091-1094	80.050	2000	382	17	8556	10547	7	1997	0.0	1467
DOLIS_105.Contig_32	NZ_CP047242.1:778650-780647	79.464	1977	390	16	8565	10533	15	1983	0.0	1387
DOLIS_105.Contig_32	NZ_LR882952.1:888775-890772	76.908	1992	407	45	8583	10548	34	1998	0.0	1081
DOLIS_105.Contig_32	NZ_AESD01000165.1:7056-9098	75.182	1922	455	17	8633	10543	125	2035	0.0	887
DOLIS_105.Contig_33	NZ_JACJTO010000022.1:c32001-30271	89.562	1734	173	7	5534	7263	1	1730	0.0	2193
DOLIS_105.Contig_33	NZ_KE384623.1:25615-27345	87.536	1725	213	2	5534	7257	1	1724	0.0	1993
DOLIS_105.Contig_33	NZ_LAHB01000054.1:258-2006	77.577	1717	358	20	5550	7245	17	1727	0.0	1013
DOLIS_105.Contig_33	NZ_CP020114.1:c257109-255382	76.721	1714	363	31	5550	7248	17	1709	0.0	922
DOLIS_105.Contig_33	NZ_CP047242.1:4055998-4057746	75.407	1720	386	25	5552	7245	19	1727	0.0	798
DOLIS_105.Contig_33	NZ_AJLL01000058.1:c38773-37028	72.596	1726	434	30	5550	7248	17	1730	1.64e-150	531
DOLIS_105.Contig_37	NZ_JACJTO010000006.1:81111-83156	93.481	2025	130	2	5972	7995	1	2024	0.0	3007
DOLIS_105.Contig_37	NZ_KE384624.1:28797-30842	87.359	2033	237	17	5995	8017	24	2046	0.0	2313
DOLIS_105.Contig_37	NZ_JANQDJ010000009.1:c72615-70459	76.913	732	163	6	6077	6805	124	852	2.19e-114	411
DOLIS_105.Contig_39	NZ_JACJTO010000025.1:c30911-28323	87.626	2586	308	7	1258	3843	1	2574	0.0	2992
DOLIS_105.Contig_39	NZ_KE384599.1:c2617-29	87.360	2587	313	10	1258	3843	1	2574	0.0	2953
DOLIS_105.Contig_39	NZ_CP020114.1:5263565-5266156	80.230	2524	464	22	1323	3839	78	2573	0.0	1864
DOLIS_105.Contig_39	NZ_LAHB01000054.1:c38656-35963	78.982	1846	381	4	1324	3164	76	1919	0.0	1253
DOLIS_105.Contig_39	NZ_LAHB01000054.1:c38656-35963	81.959	582	102	3	3263	3843	2094	2673	2.68e-138	490
DOLIS_105.Contig_39	NZ_CP065936.1:2811061-2813625	77.534	1914	404	23	1268	3168	5	1905	0.0	1129
DOLIS_105.Contig_39	NZ_CP065936.1:2811061-2813625	80.776	593	110	4	3244	3834	1951	2541	2.10e-129	460
DOLIS_105.Contig_49	NZ_JACJTO010000002.1:150477-150968	90.447	492	47	0	17076	17567	1	492	0.0	649
DOLIS_105.Contig_49	NZ_KE384609.1:58521-59012	84.286	490	73	4	17076	17563	1	488	6.66e-134	475
DOLIS_105.Contig_73	NZ_JACJTO010000009.1:c53190-51958	88.302	1231	142	2	14307	15536	1230	1	0.0	1474
DOLIS_105.Contig_73	NZ_KE384612.1:c25373-24126	84.769	1149	169	2	14307	15455	1245	103	0.0	1147
DOLIS_105.Contig_73	NZ_LAHB01000015.1:c109909-108659	79.579	1141	224	8	14307	15444	1248	114	0.0	808
DOLIS_105.Contig_74	NZ_KE384619.1:34218-36698	87.404	2477	291	14	16079	18537	1	2474	0.0	2826
DOLIS_105.Contig_74	NZ_JACJTO010000009.1:117224-119689	87.277	2468	310	4	16079	18544	1	2466	0.0	2815
DOLIS_105.Contig_74	NZ_CP065936.1:c230552-228069	79.593	2112	413	16	16438	18540	378	2480	0.0	1496
DOLIS_105.Contig_74	NZ_CP047242.1:c3826190-3823722	77.624	2458	527	19	16093	18537	15	2462	0.0	1471
DOLIS_105.Contig_74	NZ_JANQDJ010000052.1:50504-52975	77.013	2484	533	32	16079	18540	1	2468	0.0	1389
DOLIS_105.Contig_74	NZ_AJLL01000011.1:33544-36057	77.773	2110	461	8	16439	18544	409	2514	0.0	1291
DOLIS_105.Contig_74	NZ_AESD01000714.1:c2746-287	74.388	1390	330	22	17030	18406	946	2322	7.04e-163	571
DOLIS_105.Contig_75	NZ_JACJTO010000016.1:c84639-82762	91.239	1872	164	0	11488	13359	1	1872	0.0	2549
DOLIS_105.Contig_75	NZ_KE384623.1:141568-143448	87.151	1860	234	3	11510	13365	23	1881	0.0	2106
DOLIS_105.Contig_75	NZ_CP020114.1:c3685187-3683310	79.238	1811	364	11	11554	13358	67	1871	0.0	1251
DOLIS_105.Contig_75	NZ_JANQDJ010000067.1:18792-20678	76.991	1808	410	6	11554	13358	67	1871	0.0	1029
DOLIS_105.Contig_75	NZ_LR882952.1:825531-827390	72.849	1860	450	37	11520	13356	30	1857	2.49e-167	586
DOLIS_105.Contig_75	NZ_JXYX01000003.1:285054-286931	70.083	1678	452	35	11707	13359	220	1872	7.91e-73	272
DOLIS_105.Contig_75	NZ_AESD01000514.1:2053-3888	74.013	608	140	15	12679	13277	1150	1748	1.34e-60	231
DOLIS_105.Contig_76	NZ_JACJTO010000047.1:c23055-22450	90.429	606	58	0	7951	8556	1	606	0.0	798
DOLIS_105.Contig_76	NZ_KE384593.1:7130-7735	87.644	607	73	2	7951	8556	1	606	0.0	704
DOLIS_105.Contig_76	NZ_CP065936.1:978207-978839	77.575	602	123	9	7951	8543	1	599	2.74e-97	353
DOLIS_105.Contig_97	NZ_JACJTO010000025.1:38869-41262	89.658	1112	109	6	6500	7608	1286	2394	0.0	1411
DOLIS_105.Contig_97	NZ_JACJTO010000025.1:38869-41262	86.834	1238	157	1	5095	6332	1	1232	0.0	1378
DOLIS_105.Contig_97	NZ_KE384607.1:c13130-10728	87.076	1238	160	0	5095	6332	1	1238	0.0	1400
DOLIS_105.Contig_97	NZ_KE384607.1:c13130-10728	86.074	1113	150	5	6500	7608	1292	2403	0.0	1192
DOLIS_105.Contig_97	NZ_CP020114.1:c2600812-2598359	77.920	1250	269	5	5095	6341	1	1246	0.0	773
DOLIS_105.Contig_97	NZ_CP047242.1:c4593312-4590916	78.471	1138	221	15	6482	7604	1262	2390	0.0	723
DOLIS_105.Contig_97	NZ_AJLL01000013.1:c8584-6098	75.224	1114	263	10	6491	7593	1358	2469	2.90e-146	516
DOLIS_105.Contig_107	NZ_JACJTO010000002.1:186697-187296	91.167	600	53	0	3256	3855	600	1	0.0	815
DOLIS_105.Contig_107	NZ_KE384626.1:c8487-7888	90.803	598	55	0	3258	3855	598	1	0.0	800
DOLIS_105.Contig_108	NZ_JACJTO010000010.1:102519-104831	88.503	2305	261	4	2163	4465	1	2303	0.0	2785
DOLIS_105.Contig_108	NZ_KE384617.1:c46296-43954	83.917	2313	352	18	2163	4465	1	2303	0.0	2193
DOLIS_105.Contig_108	NZ_CP020114.1:2794748-2797090	75.770	2175	468	41	2163	4297	1	2156	0.0	1042
DOLIS_105.Contig_151	NZ_JACJTO010000005.1:73734-75203	84.358	1432	221	3	3959	5388	1	1431	0.0	1400
DOLIS_105.Contig_151	NZ_KE384604.1:24243-25682	83.461	1433	231	6	3959	5388	1	1430	0.0	1328
DOLIS_105.Contig_151	NZ_LAHB01000029.1:c66227-64767	75.620	1169	265	19	4232	5390	274	1432	2.78e-160	562
DOLIS_105.Contig_151	NZ_JANQDJ010000023.1:2795-4306	74.935	1149	266	21	4240	5377	333	1470	1.32e-143	507
DOLIS_105.Contig_151	NZ_CP020114.1:3135701-3137203	74.631	1151	273	18	4245	5385	329	1470	1.33e-138	490
DOLIS_105.Contig_159	NZ_JACJTO010000018.1:1320-3509	89.147	2193	230	6	7645	9833	2189	1	0.0	2724
DOLIS_105.Contig_159	NZ_KE384629.1:c9741-7552	87.426	2195	266	10	7644	9833	2190	1	0.0	2516
DOLIS_105.Contig_159	NZ_CP065936.1:c939913-937751	79.012	1539	316	6	8280	9814	1555	20	0.0	1046
DOLIS_105.Contig_166	NZ_JACJTO010000018.1:c30292-29192	88.919	1101	122	0	1727	2827	1101	1	0.0	1358
DOLIS_105.Contig_166	NZ_KE384623.1:85149-86249	87.500	1096	135	2	1733	2827	1095	1	0.0	1264
DOLIS_105.Contig_166	NZ_LAHB01000037.1:16282-17382	80.019	1071	210	3	1759	2827	1069	1	0.0	789
DOLIS_105.Contig_166	NZ_CP065936.1:c1151754-1150639	78.627	903	191	2	1797	2698	1046	145	7.18e-171	597
DOLIS_105.Contig_166	NZ_LR882952.1:c1527206-1526073	71.924	894	227	20	1808	2690	1065	185	5.02e-63	239
DOLIS_105.Contig_185	NZ_APIY01000452.1:c993-1	91.348	994	84	2	172	1164	1	993	0.0	1358
DOLIS_105.Contig_185	NZ_CP020114.1:c3984789-3984109	82.164	684	116	6	172	852	1	681	1.83e-166	582
DOLIS_105.Contig_195	NZ_CP020114.1:4110128-4110658	75.843	534	110	16	673	1195	529	4	1.57e-67	254
DOLIS_105.Contig_196	NZ_JACJTO010000034.1:c6821-5745	92.851	1077	77	0	4904	5980	1077	1	0.0	1563
DOLIS_105.Contig_196	NZ_KE384612.1:c44638-43565	89.907	1070	108	0	4911	5980	1070	1	0.0	1378
DOLIS_105.Contig_218	NZ_LAHB01000007.1:c37334-36204	97.297	37	1	0	8280	8316	491	527	2.67e-10	63.9
DOLIS_105.Contig_265	NZ_JACJTO010000021.1:c66481-63539	90.556	1080	102	0	6291	7370	1	1080	0.0	1430
DOLIS_105.Contig_265	NZ_KE384613.1:50020-52932	89.605	760	79	0	6291	7050	1	760	0.0	966
DOLIS_105.Contig_265	NZ_KE384613.1:50020-52932	92.488	213	16	0	7157	7369	837	1049	3.10e-83	305
DOLIS_105.Contig_265	NZ_CP020114.1:1383340-1386210	82.733	666	113	2	6343	7007	41	705	2.13e-169	592
DOLIS_105.Contig_330	NZ_CP020114.1:1383340-1386210	100.000	31	0	0	4338	4368	1151	1121	7.46e-09	58.4
DOLIS_105.Contig_349	NZ_JACJTO010000056.1:2259-2900	90.966	642	58	0	3000	3641	1	642	0.0	865
DOLIS_105.Contig_349	NZ_KE384618.1:c48596-47955	88.548	620	71	0	3000	3619	1	620	0.0	752
DOLIS_105.Contig_349	NZ_JANQDJ010000004.1:c3498-2851	78.378	629	132	4	3000	3626	1	627	2.03e-113	405
DOLIS_105.Contig_454	NZ_JACJTO010000021.1:c66481-63539	91.059	2002	177	2	1	2001	936	2936	0.0	2704
DOLIS_105.Contig_454	NZ_KE384613.1:50020-52932	90.055	2001	193	5	1	1998	906	2903	0.0	2588
DOLIS_105.Contig_454	NZ_CP020114.1:1383340-1386210	82.100	2000	325	28	3	1984	860	2844	0.0	1679
DOLIS_105.Contig_454	NZ_CP047242.1:5785454-5788351	79.791	2009	376	28	2	1995	889	2882	0.0	1434
DOLIS_105.Contig_454	NZ_JANQDJ010000007.1:29007-31877	79.029	1998	394	22	1	1984	858	2844	0.0	1345
DOLIS_105.Contig_454	NZ_LR882952.1:3185638-3188601	76.105	1607	337	40	350	1932	1314	2897	0.0	797
DOLIS_187.Contig_1	NZ_CP020114.1:c3984789-3984109	84.853	680	97	6	144502	145178	677	1	0.0	680
DOLIS_187.Contig_6	NZ_JACJTO010000034.1:c6821-5745	91.272	1077	94	0	115104	116180	1077	1	0.0	1469
DOLIS_187.Contig_6	NZ_KE384612.1:c44638-43565	90.009	1071	107	0	115110	116180	1071	1	0.0	1386
DOLIS_187.Contig_6	NZ_CP020114.1:4705113-4706183	81.275	1020	189	2	115162	116180	1019	1	0.0	824
DOLIS_187.Contig_6	NZ_CP020114.1:1383340-1386210	100.000	33	0	0	13612	13644	1151	1119	1.18e-08	62.1
DOLIS_187.Contig_8	NZ_KE384659.1:c96890-95211	89.505	1677	159	9	48042	49705	6	1678	0.0	2106
DOLIS_187.Contig_8	NZ_JACJTO010000053.1:c8096-6411	88.277	1689	174	10	48040	49707	1	1686	0.0	2001
DOLIS_187.Contig_10	NZ_JACJTO010000010.1:102519-104831	88.759	2313	254	4	61971	64277	2313	1	0.0	2826
DOLIS_187.Contig_10	NZ_KE384617.1:c46296-43954	86.041	2314	295	20	61981	64277	2303	1	0.0	2459
DOLIS_187.Contig_11	NZ_JACJTO010000004.1:105234-106163	86.281	933	92	21	21722	22621	930	1	0.0	981
DOLIS_187.Contig_11	NZ_KE384592.1:c39642-38713	85.805	627	87	2	21996	22621	626	1	0.0	664
DOLIS_187.Contig_13	NZ_JACJTO010000016.1:c84639-82762	91.506	1872	159	0	64870	66741	1	1872	0.0	2577
DOLIS_187.Contig_13	NZ_KE384623.1:141568-143448	87.480	1869	225	7	64885	66747	16	1881	0.0	2146
DOLIS_187.Contig_13	NZ_CP020114.1:c3685187-3683310	79.666	1859	370	8	64886	66740	17	1871	0.0	1332
DOLIS_187.Contig_13	NZ_CP047242.1:316001-317884	78.224	1869	395	12	64878	66740	9	1871	0.0	1186
DOLIS_187.Contig_13	NZ_JANQDJ010000067.1:18792-20678	77.999	1809	390	8	64936	66740	67	1871	0.0	1129
DOLIS_187.Contig_13	NZ_AESD01000514.1:2053-3888	74.349	499	120	8	66061	66555	1150	1644	3.40e-52	206
DOLIS_187.Contig_20	NZ_JACJTO010000006.1:81111-83156	89.726	2005	204	2	22067	24070	24	2027	0.0	2560
DOLIS_187.Contig_20	NZ_KE384624.1:28797-30842	87.821	2028	239	8	22044	24067	1	2024	0.0	2370
DOLIS_187.Contig_20	NZ_JACJTO010000025.1:c30911-28323	88.337	1912	221	2	31112	33022	1	1911	0.0	2294
DOLIS_187.Contig_20	NZ_JACJTO010000025.1:c30911-28323	91.556	604	49	2	33084	33686	1973	2575	0.0	832
DOLIS_187.Contig_20	NZ_KE384599.1:c2617-29	87.709	1912	233	2	31112	33022	1	1911	0.0	2228
DOLIS_187.Contig_20	NZ_KE384599.1:c2617-29	88.799	616	67	2	33084	33698	1973	2587	0.0	754
DOLIS_187.Contig_20	NZ_CP065936.1:2811061-2813625	77.513	2517	530	28	31169	33676	52	2541	0.0	1480
DOLIS_187.Contig_20	NZ_CP020114.1:5263565-5266156	80.022	1847	359	8	31177	33018	78	1919	0.0	1358
DOLIS_187.Contig_20	NZ_CP047242.1:5269141-5271705	79.383	1848	369	12	31177	33018	72	1913	0.0	1291
DOLIS_187.Contig_20	NZ_AJLL01000034.1:c27036-24415	75.991	2549	566	39	31178	33700	79	2607	0.0	1275
DOLIS_187.Contig_34	NZ_JACJTO010000002.1:186697-187296	93.167	600	41	0	18858	19457	1	600	0.0	881
DOLIS_187.Contig_34	NZ_KE384626.1:c8487-7888	91.137	598	53	0	18858	19455	1	598	0.0	811
DOLIS_187.Contig_35	NZ_CP020114.1:c2397962-2396685	98.748	1278	16	0	12726	14003	1	1278	0.0	2272
DOLIS_187.Contig_35	NZ_CP020114.1:c2374624-2373347	98.748	1278	16	0	12726	14003	1	1278	0.0	2272
DOLIS_187.Contig_35	NZ_CP020114.1:c1236472-1235195	98.748	1278	16	0	12726	14003	1	1278	0.0	2272
DOLIS_187.Contig_35	NZ_CP020114.1:548242-549519	98.748	1278	16	0	12726	14003	1	1278	0.0	2272
DOLIS_187.Contig_35	NZ_CP020114.1:c5165677-5164400	98.748	1278	16	0	12726	14003	1	1278	0.0	2272
DOLIS_187.Contig_35	NZ_CP020114.1:3446210-3447487	98.748	1278	16	0	12726	14003	1	1278	0.0	2272
DOLIS_187.Contig_35	NZ_CP020114.1:c3846778-3845501	98.748	1278	16	0	12726	14003	1	1278	0.0	2272
DOLIS_187.Contig_35	NZ_CP020114.1:c341951-340674	98.748	1278	16	0	12726	14003	1	1278	0.0	2272
DOLIS_187.Contig_35	NZ_CP020114.1:4180539-4181816	98.748	1278	16	0	12726	14003	1	1278	0.0	2272
DOLIS_187.Contig_35	NZ_CP020114.1:c4707563-4706286	98.748	1278	16	0	12726	14003	1	1278	0.0	2272
DOLIS_187.Contig_35	NZ_CP020114.1:2485395-2486672	98.748	1278	16	0	12726	14003	1	1278	0.0	2272
DOLIS_187.Contig_35	NZ_CP020114.1:c1338145-1336868	98.748	1278	16	0	12726	14003	1	1278	0.0	2272
DOLIS_187.Contig_35	NZ_CP020114.1:c1321775-1320498	98.748	1278	16	0	12726	14003	1	1278	0.0	2272
DOLIS_187.Contig_35	NZ_CP020114.1:3644777-3646054	98.748	1278	16	0	12726	14003	1	1278	0.0	2272
DOLIS_187.Contig_35	NZ_CP020114.1:c375111-373834	98.748	1278	16	0	12726	14003	1	1278	0.0	2272
DOLIS_187.Contig_35	NZ_CP020114.1:3531994-3533271	98.748	1278	16	0	12726	14003	1	1278	0.0	2272
DOLIS_187.Contig_35	NZ_CP020114.1:c2395277-2394000	98.670	1278	17	0	12726	14003	1	1278	0.0	2266
DOLIS_187.Contig_36	NZ_JACJTO010000005.1:73734-75203	85.873	1437	199	4	35304	36738	1435	1	0.0	1526
DOLIS_187.Contig_36	NZ_KE384604.1:24243-25682	84.299	1433	221	4	35308	36738	1431	1	0.0	1397
DOLIS_187.Contig_36	NZ_LR882952.1:c3766327-3764780	74.194	217	48	8	35629	35841	1218	1006	9.38e-16	84.2
DOLIS_187.Contig_38	NZ_JACJTO010000021.1:c66481-63539	90.940	2936	260	5	10058	12990	1	2933	0.0	3943
DOLIS_187.Contig_38	NZ_KE384613.1:50020-52932	90.101	2071	199	5	10924	12991	837	2904	0.0	2684
DOLIS_187.Contig_38	NZ_KE384613.1:50020-52932	88.800	750	82	2	10058	10806	1	749	0.0	918
DOLIS_187.Contig_38	NZ_CP020114.1:1383340-1386210	82.222	2070	335	28	10924	12975	789	2843	0.0	1753
DOLIS_187.Contig_38	NZ_CP020114.1:1383340-1386210	82.556	665	116	0	10110	10774	41	705	5.32e-167	586
DOLIS_187.Contig_38	NZ_LAHB01000066.1:14261-17194	80.754	2068	390	8	10924	12987	840	2903	0.0	1607
DOLIS_187.Contig_38	NZ_LAHB01000066.1:14261-17194	82.164	684	121	1	10108	10791	93	775	5.32e-167	586
DOLIS_187.Contig_38	NZ_CP047242.1:5785454-5788351	79.598	2088	393	30	10924	12995	819	2889	0.0	1465
DOLIS_187.Contig_38	NZ_JANQDJ010000007.1:29007-31877	79.167	2064	403	24	10924	12972	789	2840	0.0	1404
DOLIS_187.Contig_43	NZ_JACJTO010000018.1:1320-3509	88.727	2191	243	3	13325	15513	2189	1	0.0	2675
DOLIS_187.Contig_43	NZ_KE384629.1:c9741-7552	88.372	2193	249	6	13324	15513	2190	1	0.0	2632
DOLIS_187.Contig_43	NZ_CP020114.1:1241535-1243700	77.197	2162	483	10	13357	15513	2157	1	0.0	1253
DOLIS_187.Contig_43	NZ_LAHB01000059.1:c32765-30606	76.611	2142	475	23	13382	15513	2126	1	0.0	1157
DOLIS_187.Contig_43	NZ_JANQDJ010000018.1:69116-71290	76.295	2181	477	35	13357	15513	2165	1	0.0	1127
DOLIS_187.Contig_43	NZ_CP065936.1:c939913-937751	79.609	1535	307	6	13982	15513	1532	1	0.0	1096
DOLIS_187.Contig_43	NZ_KE384612.1:c25373-24126	80.147	272	50	4	27619	27888	538	807	7.61e-51	200
DOLIS_187.Contig_45	NZ_JACJTO010000009.1:c53190-51958	89.006	1237	131	4	19778	21013	1	1233	0.0	1526
DOLIS_187.Contig_45	NZ_KE384612.1:c25373-24126	88.078	1082	129	0	19932	21013	167	1248	0.0	1284
DOLIS_187.Contig_45	NZ_JANQDJ010000079.1:8272-9510	80.752	1091	198	10	19929	21013	155	1239	0.0	841
DOLIS_187.Contig_45	NZ_LAHB01000015.1:c109909-108659	80.512	1093	193	16	19931	21013	169	1251	0.0	821
DOLIS_187.Contig_48	NZ_JACJTO010000022.1:5217-6737	90.204	1521	146	2	15704	17221	1521	1	0.0	1980
DOLIS_187.Contig_48	NZ_KE384657.1:c38707-37184	86.405	1530	188	14	15705	17221	1523	1	0.0	1655
DOLIS_187.Contig_48	NZ_CP020114.1:c2388482-2386908	82.599	931	158	4	15746	16674	1518	590	0.0	819
DOLIS_187.Contig_48	NZ_LR882952.1:3843913-3845499	74.850	835	206	4	15828	16660	1478	646	1.14e-103	375
DOLIS_187.Contig_48	NZ_CP065936.1:c284085-282517	81.387	274	51	0	16749	17022	449	176	4.36e-58	224
DOLIS_187.Contig_53	NZ_CP020114.1:1383340-1386210	97.222	36	1	0	6529	6564	1116	1151	3.34e-09	62.1
DOLIS_187.Contig_54	NZ_JACJTO010000044.1:29549-30664	91.943	1117	88	2	14951	16066	1	1116	0.0	1563
DOLIS_187.Contig_54	NZ_KE384611.1:20879-21994	86.201	1116	154	0	14951	16066	1	1116	0.0	1208
DOLIS_187.Contig_54	NZ_LAHB01000007.1:c37334-36204	77.431	1121	237	15	14951	16062	1	1114	0.0	654
DOLIS_187.Contig_54	NZ_CP047242.1:c5529770-5528640	75.298	1089	234	29	14951	16022	1	1071	1.28e-137	488
DOLIS_187.Contig_54	NZ_JANQDJ010000042.1:c31550-30393	74.755	1121	247	23	14951	16041	1	1115	4.62e-132	470
DOLIS_187.Contig_67	NZ_CP065936.1:2660397-2661572	86.061	165	22	1	2	166	1155	992	8.99e-44	176
DOLIS_187.Contig_71	NZ_JACJTO010000018.1:c30292-29192	89.192	1101	119	0	14908	16008	1	1101	0.0	1375
DOLIS_187.Contig_71	NZ_KE384623.1:85149-86249	87.409	1096	136	2	14908	16002	1	1095	0.0	1258
DOLIS_187.Contig_74	NZ_JACJTO010000047.1:c23055-22450	90.264	606	59	0	10307	10912	606	1	0.0	793
DOLIS_187.Contig_74	NZ_KE384593.1:7130-7735	88.962	607	65	2	10307	10912	606	1	0.0	749
DOLIS_187.Contig_76	NZ_JACJTO010000002.1:150477-150968	90.650	492	46	0	18579	19070	1	492	0.0	654
DOLIS_187.Contig_76	NZ_KE384609.1:58521-59012	85.451	488	71	0	18579	19066	1	488	6.20e-144	508
DOLIS_187.Contig_76	NZ_CP020114.1:c3984789-3984109	82.299	435	71	6	2037	2468	432	1	8.48e-103	372
DOLIS_187.Contig_81	NZ_KE384619.1:34218-36698	88.328	2476	270	13	235	2693	1	2474	0.0	2953
DOLIS_187.Contig_81	NZ_JACJTO010000009.1:117224-119689	87.647	2469	299	6	235	2700	1	2466	0.0	2865
DOLIS_187.Contig_81	NZ_JANQDJ010000052.1:50504-52975	77.604	2487	513	39	235	2696	1	2468	0.0	1467
DOLIS_187.Contig_81	NZ_LAHB01000010.1:c25274-22785	78.502	2163	452	12	545	2700	334	2490	0.0	1406
DOLIS_187.Contig_81	NZ_CP065936.1:c230552-228069	78.430	2114	440	15	591	2696	375	2480	0.0	1363
DOLIS_187.Contig_84	NZ_KE384598.1:9077-9493	89.901	406	39	2	4983	5387	1	405	7.03e-148	521
DOLIS_187.Contig_84	NZ_JACJTO010000004.1:85579-85998	87.654	405	49	1	4983	5387	1	404	2.58e-132	470
DOLIS_187.Contig_89	NZ_JACJTO010000025.1:38869-41262	87.460	1236	147	5	7002	8236	1229	1	0.0	1417
DOLIS_187.Contig_89	NZ_JACJTO010000025.1:38869-41262	88.711	1125	123	4	5753	6875	2394	1272	0.0	1371
DOLIS_187.Contig_89	NZ_KE384607.1:c13130-10728	86.964	1235	161	0	7002	8236	1235	1	0.0	1389
DOLIS_187.Contig_89	NZ_KE384607.1:c13130-10728	85.626	1127	157	4	5753	6875	2403	1278	0.0	1179
DOLIS_187.Contig_96	NZ_KE384634.1:13210-13860	89.571	652	64	3	10159	10808	1	650	0.0	824
DOLIS_187.Contig_98	NZ_JACJTO010000022.1:c32001-30271	89.838	1732	172	3	3949	5678	1730	1	0.0	2220
DOLIS_187.Contig_98	NZ_KE384623.1:25615-27345	87.203	1727	218	3	3954	5678	1726	1	0.0	1962
DOLIS_187.Contig_98	NZ_LAHB01000054.1:258-2006	76.878	1717	370	20	3967	5662	1727	17	0.0	946
DOLIS_187.Contig_98	NZ_CP020114.1:c257109-255382	76.649	1713	366	29	3964	5662	1709	17	0.0	917
DOLIS_187.Contig_98	NZ_CP047242.1:4055998-4057746	75.305	1721	386	25	3967	5660	1727	19	0.0	787
DOLIS_187.Contig_114	NZ_JACJTO010000007.1:68616-70613	93.263	1989	132	2	8239	10226	1988	1	0.0	2929
DOLIS_187.Contig_114	NZ_KE384619.1:c14724-12727	89.540	1998	209	0	8229	10226	1998	1	0.0	2532
DOLIS_187.Contig_114	NZ_LAHB01000011.1:23963-25960	81.372	1997	359	13	8229	10219	1998	9	0.0	1615
DOLIS_187.Contig_114	NZ_CP020114.1:c123803-121806	80.731	1998	374	11	8229	10221	1998	7	0.0	1546
DOLIS_187.Contig_114	NZ_CP047242.1:778650-780647	79.200	1976	397	13	8244	10212	1983	15	0.0	1360
DOLIS_187.Contig_114	NZ_AJLL01000063.1:c82007-80010	77.016	1997	446	12	8229	10219	1998	9	0.0	1133
DOLIS_187.Contig_114	NZ_AESD01000165.1:7056-9098	76.989	1747	380	18	8409	10144	1860	125	0.0	979
DOLIS_187.Contig_133	NZ_KE384650.1:c5800-5135	89.189	666	72	0	1571	2236	1	666	0.0	832
DOLIS_187.Contig_137	NZ_JACJTO010000056.1:2259-2900	91.277	642	56	0	2602	3243	642	1	0.0	876
DOLIS_187.Contig_137	NZ_KE384618.1:c48596-47955	88.548	620	71	0	2624	3243	620	1	0.0	752
DOLIS_187.Contig_137	NZ_JANQDJ010000004.1:c3498-2851	78.537	629	131	4	2617	3243	627	1	4.66e-115	411
DOLIS_187.Contig_137	NZ_CP020114.1:4667283-4667924	78.331	623	129	6	2624	3243	620	1	3.63e-111	398
DOLIS_36.Contig_2	NZ_JACJTO010000034.1:c6821-5745	91.365	1077	93	0	9302	10378	1077	1	0.0	1474
DOLIS_36.Contig_2	NZ_KE384612.1:c44638-43565	90.103	1071	106	0	9308	10378	1071	1	0.0	1391
DOLIS_36.Contig_2	NZ_CP020114.1:4705113-4706183	81.250	1024	190	2	9356	10378	1023	1	0.0	826
DOLIS_36.Contig_25	NZ_JACJTO010000025.1:38869-41262	87.621	1236	145	5	1589	2823	1	1229	0.0	1428
DOLIS_36.Contig_25	NZ_JACJTO010000025.1:38869-41262	89.600	1125	113	4	2950	4072	1272	2394	0.0	1426
DOLIS_36.Contig_25	NZ_KE384607.1:c13130-10728	87.206	1235	158	0	1589	2823	1	1235	0.0	1406
DOLIS_36.Contig_25	NZ_KE384607.1:c13130-10728	85.803	1127	155	4	2950	4072	1278	2403	0.0	1190
DOLIS_36.Contig_55	NZ_JACJTO010000009.1:c53190-51958	88.844	1237	133	4	3109	4344	1	1233	0.0	1515
DOLIS_36.Contig_55	NZ_KE384612.1:c25373-24126	88.078	1082	129	0	3263	4344	167	1248	0.0	1284
DOLIS_36.Contig_55	NZ_JANQDJ010000079.1:8272-9510	80.568	1091	200	10	3260	4344	155	1239	0.0	830
DOLIS_36.Contig_55	NZ_LAHB01000015.1:c109909-108659	80.367	1090	200	11	3262	4344	169	1251	0.0	815
DOLIS_36.Contig_91	NZ_JACJTO010000007.1:68616-70613	94.492	1053	58	0	1	1053	1053	1	0.0	1624
DOLIS_36.Contig_91	NZ_KE384619.1:c14724-12727	90.313	1053	102	0	1	1053	1053	1	0.0	1380
DOLIS_36.Contig_91	NZ_LAHB01000011.1:23963-25960	80.802	1047	190	11	5	1046	1049	9	0.0	809
DOLIS_36.Contig_91	NZ_CP020114.1:c123803-121806	80.497	1046	199	5	5	1048	1049	7	0.0	797
DOLIS_36.Contig_91	NZ_CP047242.1:778650-780647	79.749	1037	206	4	5	1039	1049	15	0.0	749
DOLIS_36.Contig_91	NZ_AJLL01000063.1:c82007-80010	77.565	1043	231	3	5	1046	1049	9	3.84e-180	627
DOLIS_36.Contig_91	NZ_AESD01000165.1:7056-9098	76.489	974	215	11	5	971	1091	125	2.41e-147	518
DOLIS_36.Contig_93	NZ_KE384599.1:c2617-29	88.700	1177	133	0	3683	4859	1	1177	0.0	1437
DOLIS_36.Contig_93	NZ_JACJTO010000025.1:c30911-28323	88.190	1177	139	0	3683	4859	1	1177	0.0	1404
DOLIS_36.Contig_93	NZ_CP020114.1:5263565-5266156	81.525	1115	200	5	3748	4859	78	1189	0.0	913
DOLIS_36.Contig_93	NZ_CP047242.1:5269141-5271705	81.109	1064	197	4	3748	4809	72	1133	0.0	848
DOLIS_36.Contig_93	NZ_AJLL01000034.1:c27036-24415	77.083	1104	240	11	3749	4844	79	1177	1.38e-179	625
DOLIS_36.Contig_153	NZ_CP020114.1:c2397962-2396685	98.810	84	1	0	4029	4112	1278	1195	8.57e-37	150
DOLIS_36.Contig_153	NZ_CP020114.1:c2374624-2373347	98.810	84	1	0	4029	4112	1278	1195	8.57e-37	150
DOLIS_36.Contig_153	NZ_CP020114.1:c1236472-1235195	98.810	84	1	0	4029	4112	1278	1195	8.57e-37	150
DOLIS_36.Contig_153	NZ_CP020114.1:548242-549519	98.810	84	1	0	4029	4112	1278	1195	8.57e-37	150
DOLIS_36.Contig_153	NZ_CP020114.1:c5165677-5164400	98.810	84	1	0	4029	4112	1278	1195	8.57e-37	150
DOLIS_36.Contig_153	NZ_CP020114.1:3446210-3447487	98.810	84	1	0	4029	4112	1278	1195	8.57e-37	150
DOLIS_36.Contig_153	NZ_CP020114.1:c3846778-3845501	98.810	84	1	0	4029	4112	1278	1195	8.57e-37	150
DOLIS_36.Contig_153	NZ_CP020114.1:c341951-340674	98.810	84	1	0	4029	4112	1278	1195	8.57e-37	150
DOLIS_36.Contig_153	NZ_CP020114.1:4180539-4181816	98.810	84	1	0	4029	4112	1278	1195	8.57e-37	150
DOLIS_36.Contig_153	NZ_CP020114.1:c4707563-4706286	98.810	84	1	0	4029	4112	1278	1195	8.57e-37	150
DOLIS_36.Contig_153	NZ_CP020114.1:2485395-2486672	98.810	84	1	0	4029	4112	1278	1195	8.57e-37	150
DOLIS_36.Contig_153	NZ_CP020114.1:c1338145-1336868	98.810	84	1	0	4029	4112	1278	1195	8.57e-37	150
DOLIS_36.Contig_153	NZ_CP020114.1:c1321775-1320498	98.810	84	1	0	4029	4112	1278	1195	8.57e-37	150
DOLIS_36.Contig_153	NZ_CP020114.1:3644777-3646054	98.810	84	1	0	4029	4112	1278	1195	8.57e-37	150
DOLIS_36.Contig_153	NZ_CP020114.1:c2395277-2394000	98.810	84	1	0	4029	4112	1278	1195	8.57e-37	150
DOLIS_36.Contig_153	NZ_CP020114.1:c375111-373834	98.810	84	1	0	4029	4112	1278	1195	8.57e-37	150
DOLIS_36.Contig_153	NZ_CP020114.1:3531994-3533271	98.810	84	1	0	4029	4112	1278	1195	8.57e-37	150
DOLIS_36.Contig_171	NZ_CP020114.1:1383340-1386210	100.000	33	0	0	1805	1837	1119	1151	4.02e-10	62.1
DOLIS_36.Contig_258	NZ_JACJTO010000006.1:81111-83156	89.676	2005	205	2	1119	3122	24	2027	0.0	2555
DOLIS_36.Contig_258	NZ_KE384624.1:28797-30842	87.665	2051	243	10	1096	3141	1	2046	0.0	2377
DOLIS_36.Contig_270	NZ_KE384619.1:34218-36698	88.288	2476	271	13	160	2618	1	2474	0.0	2948
DOLIS_36.Contig_270	NZ_JACJTO010000009.1:117224-119689	87.728	2469	297	6	160	2625	1	2466	0.0	2876
DOLIS_36.Contig_270	NZ_JANQDJ010000052.1:50504-52975	77.523	2487	515	39	160	2621	1	2468	0.0	1456
DOLIS_36.Contig_270	NZ_CP065936.1:c230552-228069	78.487	2115	437	17	516	2621	375	2480	0.0	1369
DOLIS_36.Contig_306	NZ_JACJTO010000002.1:150477-150968	90.650	492	46	0	2551	3042	1	492	0.0	654
DOLIS_36.Contig_306	NZ_KE384609.1:58521-59012	85.451	488	71	0	2551	3038	1	488	9.66e-145	508
DOLIS_36.Contig_307	NZ_JACJTO010000018.1:1320-3509	89.200	1926	206	2	20	1944	1925	1	0.0	2403
DOLIS_36.Contig_307	NZ_KE384629.1:c9741-7552	88.957	1947	209	6	1	1944	1944	1	0.0	2399
DOLIS_36.Contig_307	NZ_CP020114.1:1241535-1243700	78.698	1812	378	8	137	1944	1808	1	0.0	1201
DOLIS_36.Contig_307	NZ_LAHB01000059.1:c32765-30606	78.013	1792	382	12	159	1944	1786	1	0.0	1116
DOLIS_36.Contig_307	NZ_JANQDJ010000018.1:69116-71290	77.876	1817	381	20	137	1944	1805	1	0.0	1109
DOLIS_36.Contig_307	NZ_CP047242.1:4645432-4647588	77.572	1837	400	12	114	1944	1831	1	0.0	1099
DOLIS_36.Contig_307	NZ_CP065936.1:c939913-937751	79.270	1534	314	4	413	1944	1532	1	0.0	1068
DOLIS_36.Contig_310	NZ_JACJTO010000016.1:c84639-82762	91.760	1784	147	0	1448	3231	1	1784	0.0	2481
DOLIS_36.Contig_310	NZ_KE384623.1:141568-143448	86.986	1775	222	7	1463	3231	16	1787	0.0	1989
DOLIS_36.Contig_310	NZ_CP020114.1:c3685187-3683310	79.637	1763	351	8	1464	3222	17	1775	0.0	1260
DOLIS_36.Contig_310	NZ_CP047242.1:316001-317884	78.003	1773	378	12	1456	3222	9	1775	0.0	1103
DOLIS_36.Contig_310	NZ_JANQDJ010000067.1:18792-20678	77.425	1763	390	8	1464	3222	17	1775	0.0	1044
DOLIS_36.Contig_310	NZ_AESD01000514.1:2053-3888	74.950	499	117	8	2639	3133	1150	1644	1.41e-58	222
DOLIS_36.Contig_367	NZ_KE384659.1:c96890-95211	88.724	1419	143	9	1599	3004	6	1420	0.0	1718
DOLIS_36.Contig_367	NZ_JACJTO010000053.1:c8096-6411	87.772	1423	150	10	1597	2998	1	1420	0.0	1642
DOLIS_36.Contig_390	NZ_JACJTO010000010.1:102519-104831	89.760	2002	199	4	6	2001	2002	1	0.0	2556
DOLIS_36.Contig_390	NZ_KE384617.1:c46296-43954	86.574	2011	246	16	6	2001	2002	1	0.0	2196
DOLIS_36.Contig_410	NZ_JACJTO010000018.1:c30292-29192	89.301	701	75	0	2133	2833	1	701	0.0	880
DOLIS_36.Contig_410	NZ_KE384623.1:85149-86249	87.074	704	91	0	2133	2836	1	704	0.0	797
DOLIS_36.Contig_410	NZ_CP020114.1:4133055-4134158	77.912	661	139	4	2133	2788	1	659	1.14e-113	405
DOLIS_36.Contig_413	NZ_JACJTO010000022.1:5217-6737	89.612	1521	155	2	185	1702	1521	1	0.0	1930
DOLIS_36.Contig_413	NZ_KE384657.1:c38707-37184	86.209	1530	191	15	186	1702	1523	1	0.0	1639
DOLIS_36.Contig_413	NZ_CP020114.1:c2388482-2386908	82.566	912	155	4	246	1155	1499	590	0.0	800
DOLIS_36.Contig_413	NZ_LR882952.1:3843913-3845499	75.180	834	205	2	309	1141	1478	646	8.83e-110	392
DOLIS_36.Contig_413	NZ_CP065936.1:c284085-282517	81.022	274	52	0	1230	1503	449	176	1.59e-57	219
DOLIS_36.Contig_438	NZ_JACJTO010000005.1:73734-75203	85.704	1455	204	4	779	2231	1	1453	0.0	1531
DOLIS_36.Contig_438	NZ_KE384604.1:24243-25682	84.229	1433	222	4	779	2209	1	1431	0.0	1391
DOLIS_36.Contig_438	NZ_LR882952.1:c3766327-3764780	74.194	217	48	8	1676	1888	1006	1218	5.88e-17	84.2
DOLIS_36.Contig_479	NZ_JACJTO010000004.1:105234-106163	87.594	935	106	10	169	1098	1	930	0.0	1075
DOLIS_36.Contig_479	NZ_KE384592.1:c39642-38713	85.408	932	132	4	169	1098	1	930	0.0	965
DOLIS_36.Contig_525	NZ_KE384650.1:c5800-5135	91.643	347	29	0	2161	2507	664	318	1.63e-136	481
DOLIS_36.Contig_567	NZ_KE384599.1:c2617-29	86.101	1698	218	14	1	1689	899	2587	0.0	1812
DOLIS_36.Contig_567	NZ_JACJTO010000025.1:c30911-28323	88.560	1014	114	2	1	1013	899	1911	0.0	1229
DOLIS_36.Contig_567	NZ_JACJTO010000025.1:c30911-28323	91.391	604	50	2	1075	1677	1973	2575	0.0	826
DOLIS_36.Contig_567	NZ_CP065936.1:2811061-2813625	76.813	1682	358	23	1	1675	893	2549	0.0	917
DOLIS_36.Contig_567	NZ_CP020114.1:5263565-5266156	78.107	1014	208	11	3	1009	913	1919	0.0	630
DOLIS_53.Contig_1	NZ_CP020114.1:c3984789-3984109	84.853	680	97	6	6809	7485	1	677	0.0	680
DOLIS_53.Contig_32	NZ_JACJTO010000034.1:c6821-5745	91.365	1077	93	0	6301	7377	1	1077	0.0	1474
DOLIS_53.Contig_32	NZ_KE384612.1:c44638-43565	90.009	1071	107	0	6301	7371	1	1071	0.0	1386
DOLIS_53.Contig_32	NZ_CP020114.1:4705113-4706183	81.471	1020	187	2	6301	7319	1	1019	0.0	835
DOLIS_53.Contig_76	NZ_JACJTO010000009.1:c53190-51958	88.844	1237	133	4	3066	4301	1233	1	0.0	1515
DOLIS_53.Contig_76	NZ_KE384612.1:c25373-24126	88.078	1082	129	0	3066	4147	1248	167	0.0	1284
DOLIS_53.Contig_76	NZ_JANQDJ010000079.1:8272-9510	80.568	1091	200	10	3066	4150	1239	155	0.0	830
DOLIS_53.Contig_76	NZ_LAHB01000015.1:c109909-108659	80.367	1090	200	11	3066	4148	1251	169	0.0	815
DOLIS_53.Contig_90	NZ_JACJTO010000022.1:c32001-30271	89.838	1732	172	3	3996	5725	1730	1	0.0	2220
DOLIS_53.Contig_90	NZ_KE384623.1:25615-27345	87.087	1727	220	3	4001	5725	1726	1	0.0	1951
DOLIS_53.Contig_90	NZ_LAHB01000054.1:258-2006	76.762	1717	372	20	4014	5709	1727	17	0.0	935
DOLIS_53.Contig_90	NZ_CP020114.1:c257109-255382	76.591	1713	367	29	4011	5709	1709	17	0.0	911
DOLIS_53.Contig_90	NZ_CP047242.1:4055998-4057746	75.305	1721	386	25	4014	5707	1727	19	0.0	787
DOLIS_53.Contig_107	NZ_APIY01000452.1:c993-1	85.528	995	140	4	2705	3697	993	1	0.0	1037
DOLIS_53.Contig_107	NZ_CP020114.1:c3984789-3984109	83.480	684	107	6	3017	3697	681	1	0.0	632
DOLIS_53.Contig_117	NZ_JACJTO010000006.1:81111-83156	89.776	2005	203	2	1106	3109	24	2027	0.0	2566
DOLIS_53.Contig_117	NZ_KE384624.1:28797-30842	87.567	2051	245	10	1083	3128	1	2046	0.0	2366
DOLIS_53.Contig_142	NZ_JACJTO010000004.1:105234-106163	87.914	935	103	10	3697	4626	1	930	0.0	1092
DOLIS_53.Contig_194	NZ_JACJTO010000002.1:150477-150968	90.650	492	46	0	1124	1615	492	1	0.0	654
DOLIS_53.Contig_194	NZ_KE384609.1:58521-59012	85.451	488	71	0	1128	1615	488	1	1.42e-144	508
DOLIS_53.Contig_195	NZ_KE384612.1:c25373-24126	79.779	272	51	4	2735	3004	538	807	4.53e-50	195
DOLIS_53.Contig_255	NZ_KE384619.1:34218-36698	88.449	2476	267	13	1431	3889	1	2474	0.0	2970
DOLIS_53.Contig_255	NZ_JACJTO010000009.1:117224-119689	87.768	2469	296	6	1431	3896	1	2466	0.0	2881
DOLIS_53.Contig_255	NZ_JANQDJ010000052.1:50504-52975	77.483	2487	516	39	1431	3892	1	2468	0.0	1450
DOLIS_53.Contig_255	NZ_CP065936.1:c230552-228069	78.440	2115	438	17	1787	3892	375	2480	0.0	1363
DOLIS_53.Contig_272	NZ_JACJTO010000022.1:5217-6737	90.007	1521	149	2	2545	4062	1	1521	0.0	1964
DOLIS_53.Contig_272	NZ_KE384657.1:c38707-37184	86.536	1530	186	15	2545	4061	1	1523	0.0	1666
DOLIS_53.Contig_272	NZ_CP020114.1:c2388482-2386908	82.766	911	155	2	3092	4001	590	1499	0.0	811
DOLIS_53.Contig_272	NZ_LR882952.1:3843913-3845499	74.970	835	205	4	3106	3938	646	1478	2.81e-106	381
DOLIS_53.Contig_272	NZ_CP065936.1:c284085-282517	81.022	274	52	0	2744	3017	176	449	2.33e-57	219
DOLIS_53.Contig_273	NZ_CP020114.1:c2397962-2396685	98.905	1278	14	0	507	1784	1	1278	0.0	2283
DOLIS_53.Contig_273	NZ_CP020114.1:c2374624-2373347	98.905	1278	14	0	507	1784	1	1278	0.0	2283
DOLIS_53.Contig_273	NZ_CP020114.1:c1236472-1235195	98.905	1278	14	0	507	1784	1	1278	0.0	2283
DOLIS_53.Contig_273	NZ_CP020114.1:548242-549519	98.905	1278	14	0	507	1784	1	1278	0.0	2283
DOLIS_53.Contig_273	NZ_CP020114.1:c5165677-5164400	98.905	1278	14	0	507	1784	1	1278	0.0	2283
DOLIS_53.Contig_273	NZ_CP020114.1:3446210-3447487	98.905	1278	14	0	507	1784	1	1278	0.0	2283
DOLIS_53.Contig_273	NZ_CP020114.1:c3846778-3845501	98.905	1278	14	0	507	1784	1	1278	0.0	2283
DOLIS_53.Contig_273	NZ_CP020114.1:c341951-340674	98.905	1278	14	0	507	1784	1	1278	0.0	2283
DOLIS_53.Contig_273	NZ_CP020114.1:4180539-4181816	98.905	1278	14	0	507	1784	1	1278	0.0	2283
DOLIS_53.Contig_273	NZ_CP020114.1:c4707563-4706286	98.905	1278	14	0	507	1784	1	1278	0.0	2283
DOLIS_53.Contig_273	NZ_CP020114.1:2485395-2486672	98.905	1278	14	0	507	1784	1	1278	0.0	2283
DOLIS_53.Contig_273	NZ_CP020114.1:c1338145-1336868	98.905	1278	14	0	507	1784	1	1278	0.0	2283
DOLIS_53.Contig_273	NZ_CP020114.1:c1321775-1320498	98.905	1278	14	0	507	1784	1	1278	0.0	2283
DOLIS_53.Contig_273	NZ_CP020114.1:3644777-3646054	98.905	1278	14	0	507	1784	1	1278	0.0	2283
DOLIS_53.Contig_273	NZ_CP020114.1:c375111-373834	98.905	1278	14	0	507	1784	1	1278	0.0	2283
DOLIS_53.Contig_273	NZ_CP020114.1:3531994-3533271	98.905	1278	14	0	507	1784	1	1278	0.0	2283
DOLIS_53.Contig_273	NZ_CP020114.1:c2395277-2394000	98.826	1278	15	0	507	1784	1	1278	0.0	2278
DOLIS_53.Contig_292	NZ_JACJTO010000007.1:68616-70613	91.311	633	55	0	3	635	1366	1998	0.0	865
DOLIS_53.Contig_292	NZ_KE384619.1:c14724-12727	88.339	626	73	0	3	628	1366	1991	0.0	752
DOLIS_53.Contig_314	NZ_JACJTO010000021.1:c66481-63539	94.643	112	6	0	3687	3798	1	112	4.69e-44	174
DOLIS_53.Contig_314	NZ_CP020114.1:1383340-1386210	95.000	60	3	0	3739	3798	41	100	3.76e-20	95.3
DOLIS_53.Contig_354	NZ_JACJTO010000018.1:c30292-29192	89.313	917	98	0	2612	3528	1	917	0.0	1151
DOLIS_53.Contig_354	NZ_KE384623.1:85149-86249	87.174	920	116	2	2612	3530	1	919	0.0	1044
DOLIS_53.Contig_354	NZ_AJLL01000033.1:71703-72806	76.907	931	194	16	2612	3530	1	922	1.05e-144	508
DOLIS_53.Contig_366	NZ_JACJTO010000021.1:c66481-63539	91.641	1280	107	0	1	1280	1654	2933	0.0	1772
DOLIS_53.Contig_366	NZ_KE384613.1:50020-52932	89.626	1282	131	2	1	1281	1624	2904	0.0	1629
DOLIS_53.Contig_366	NZ_CP020114.1:1383340-1386210	83.019	1272	202	13	1	1265	1579	2843	0.0	1140
DOLIS_53.Contig_366	NZ_LAHB01000066.1:14261-17194	81.470	1279	233	4	1	1277	1627	2903	0.0	1046
DOLIS_53.Contig_366	NZ_JANQDJ010000007.1:29007-31877	79.874	1267	245	10	1	1262	1579	2840	0.0	918
DOLIS_53.Contig_427	NZ_JACJTO010000047.1:c23055-22450	91.167	317	28	0	2878	3194	1	317	2.12e-121	431
DOLIS_53.Contig_427	NZ_KE384593.1:7130-7735	88.679	318	34	2	2878	3194	1	317	4.66e-108	387
DOLIS_53.Contig_444	NZ_KE384659.1:c96890-95211	89.505	1677	159	9	1152	2815	6	1678	0.0	2106
DOLIS_53.Contig_444	NZ_JACJTO010000053.1:c8096-6411	88.514	1689	170	10	1150	2817	1	1686	0.0	2023
DOLIS_53.Contig_493	NZ_JACJTO010000016.1:c84639-82762	90.379	343	33	0	1	343	1530	1872	1.49e-127	451
DOLIS_53.Contig_493	NZ_KE384623.1:141568-143448	88.825	349	39	0	1	349	1533	1881	6.99e-121	429
DOLIS_53.Contig_530	NZ_JACJTO010000025.1:38869-41262	88.978	1125	120	3	968	2090	1272	2394	0.0	1387
DOLIS_53.Contig_530	NZ_JACJTO010000025.1:38869-41262	87.055	842	101	4	1	841	395	1229	0.0	944
DOLIS_53.Contig_530	NZ_KE384607.1:c13130-10728	86.158	1127	151	4	968	2090	1278	2403	0.0	1212
DOLIS_53.Contig_530	NZ_KE384607.1:c13130-10728	86.326	841	115	0	1	841	395	1235	0.0	917
MCYST_100.Contig_36	NZ_JXYX01000003.1:c241171-239060	96.525	2101	73	0	3302	5402	2101	1	0.0	3476
MCYST_100.Contig_36	NZ_AESD01000712.1:c15827-13695	73.630	1259	300	32	4141	5383	1265	23	1.04e-128	457
MCYST_100.Contig_41	NZ_JXYX01000001.1:368066-368695	97.284	626	17	0	1162	1787	626	1	0.0	1062
MCYST_100.Contig_68	NZ_JXYX01000001.1:1089920-1090996	97.381	420	11	0	1	420	420	1	0.0	715
MCYST_100.Contig_151	NZ_JXYX01000001.1:283692-286061	97.511	2370	59	0	2598	4967	2370	1	0.0	4050
MCYST_100.Contig_187	NZ_JXYX01000015.1:c45892-43928	96.063	127	5	0	1	127	132	6	6.74e-54	207
MCYST_100.Contig_287	NZ_JXYX01000008.1:214032-216905	97.761	268	6	0	1	268	268	1	1.01e-130	462
MCYST_100.Contig_300	NZ_JXYX01000015.1:c41779-39131	98.078	1717	33	0	1	1717	1717	1	0.0	2988
MCYST_100.Contig_300	NZ_LR882952.1:4510967-4513630	70.744	1022	259	30	608	1609	1116	115	3.92e-50	195
MCYST_100.Contig_301	NZ_JXYX01000001.1:c845495-843027	97.753	979	22	0	3141	4119	1	979	0.0	1687
MCYST_100.Contig_302	NZ_JXYX01000001.1:949860-950450	96.108	591	23	0	3032	3622	1	591	0.0	965
MCYST_100.Contig_306	NZ_JXYX01000002.1:c55249-54122	97.961	1128	23	0	1403	2530	1128	1	0.0	1956
MCYST_100.Contig_306	NZ_AESD01000744.1:c2484-1342	71.521	769	179	27	1482	2224	1061	307	6.53e-43	171
MCYST_100.Contig_306	NZ_AESD01000744.1:c2484-1342	83.099	71	12	0	2406	2476	125	55	3.17e-11	65.8
MCYST_100.Contig_312	NZ_JXYX01000003.1:c235202-234798	96.675	391	13	0	803	1193	1	391	0.0	651
MCYST_100.Contig_338	NZ_JXYX01000015.1:74716-76242	98.309	1183	20	0	1	1183	345	1527	0.0	2074
MCYST_100.Contig_338	NZ_AESD01000164.1:3534-5099	77.694	928	201	6	201	1125	569	1493	8.55e-161	562
MCYST_100.Contig_338	NZ_AJLL01000060.1:30160-31707	75.352	852	197	12	270	1116	650	1493	2.55e-111	398
MCYST_100.Contig_395	NZ_JXYX01000001.1:c845495-843027	98.569	699	10	0	2679	3377	2469	1771	0.0	1236
MCYST_100.Contig_395	NZ_LR882952.1:c4098973-4096490	76.568	606	128	14	2779	3377	2384	1786	5.07e-88	320
MCYST_100.Contig_408	NZ_JXYX01000010.1:c144263-143616	97.531	648	16	0	167	814	648	1	0.0	1109
MCYST_100.Contig_478	NZ_JXYX01000002.1:c450913-449846	97.846	650	14	0	1	650	419	1068	0.0	1123
MCYST_100.Contig_482	NZ_JXYX01000001.1:1382667-1384103	96.308	650	24	0	1	650	650	1	0.0	1068
MCYST_100.Contig_490	NZ_JXYX01000001.1:1382667-1384103	98.906	914	10	0	1927	2840	1437	524	0.0	1633
MCYST_100.Contig_536	NZ_JXYX01000001.1:c665504-663222	97.162	1762	50	0	880	2641	2283	522	0.0	2977
MCYST_157.Contig_6	NZ_AESD01000164.1:3534-5099	76.092	824	191	6	5031	5851	1416	596	4.75e-119	425
MCYST_157.Contig_6	NZ_CP047242.1:c3607546-3606023	74.138	812	206	4	5064	5873	1368	559	2.96e-91	333
MCYST_157.Contig_8	NZ_LR882952.1:3185638-3188601	80.564	638	120	4	12339	12974	2895	2260	5.06e-138	488
MCYST_157.Contig_8	NZ_JACJTO010000021.1:c66481-63539	78.592	682	138	7	12297	12974	2907	2230	1.11e-124	444
MCYST_157.Contig_247	NZ_LAHB01000015.1:c109909-108659	86.111	72	10	0	4468	4539	654	725	4.87e-15	78.7
MCYST_157.Contig_320	NZ_LR882952.1:888775-890772	77.908	1625	327	28	4	1612	1720	112	0.0	983
MCYST_157.Contig_320	NZ_JXYX01000014.1:c55009-53006	75.102	1719	387	39	15	1714	1706	10	0.0	765
MCYST_157.Contig_320	NZ_JACJTO010000007.1:68616-70613	75.777	1544	346	27	96	1625	1628	99	0.0	754
MCYST_157.Contig_320	NZ_CP085785.1:c545139-543139	72.948	1730	430	36	5	1715	1719	9	2.10e-162	568
MCYST_157.Contig_480	NZ_LR882952.1:c4098973-4096490	77.109	1197	252	20	1076	2261	1166	2351	0.0	673
MCYST_157.Contig_480	NZ_JANQDJ010000052.1:50504-52975	75.625	1120	254	15	1163	2273	1242	2351	1.31e-153	538
MCYST_162_1.Contig_45	NZ_JXYX01000001.1:1382667-1384103	98.446	1416	22	0	3170	4585	1416	1	0.0	2494
MCYST_162_1.Contig_55	NZ_JXYX01000001.1:1089920-1090996	98.886	1077	12	0	5297	6373	1	1077	0.0	1923
MCYST_162_1.Contig_116	NZ_JXYX01000008.1:214032-216905	98.678	2874	38	0	2801	5674	1	2874	0.0	5097
MCYST_162_1.Contig_116	NZ_CP047242.1:5785454-5788351	73.802	1607	385	33	3992	5580	1225	2813	8.14e-173	603
MCYST_162_1.Contig_116	NZ_CP047242.1:5785454-5788351	74.585	964	226	15	2825	3774	79	1037	2.46e-113	405
MCYST_162_1.Contig_116	NZ_LAHB01000066.1:14261-17194	73.900	1000	237	17	2838	3828	128	1112	1.49e-105	379
MCYST_162_1.Contig_116	NZ_CP065936.1:191293-194172	72.332	965	237	19	2838	3778	89	1047	2.02e-74	276
MCYST_162_1.Contig_129	NZ_JXYX01000003.1:c241171-239060	98.343	2112	35	0	2784	4895	1	2112	0.0	3707
MCYST_162_1.Contig_129	NZ_AESD01000712.1:c15827-13695	74.010	1262	298	30	2799	4045	19	1265	8.30e-138	486
MCYST_162_1.Contig_131	NZ_JXYX01000008.1:c181072-179420	99.537	1079	5	0	1	1079	1079	1	0.0	1965
MCYST_162_1.Contig_136	NZ_JXYX01000003.1:285054-286931	98.693	153	2	0	1	153	153	1	2.52e-73	272
MCYST_162_1.Contig_193	NZ_JXYX01000001.1:283692-286061	98.059	2370	46	0	975	3344	1	2370	0.0	4122
MCYST_162_1.Contig_219	NZ_JXYX01000010.1:c144263-143616	97.826	230	5	0	4571	4800	1	230	3.24e-111	398
MCYST_162_1.Contig_296	NZ_JXYX01000001.1:c845495-843027	98.906	2469	27	0	772	3240	2469	1	0.0	4410
MCYST_162_1.Contig_296	NZ_LR882952.1:c4098973-4096490	76.935	1344	284	24	872	2202	2384	1054	0.0	741
MCYST_162_1.Contig_424	NZ_JXYX01000001.1:c665504-663222	98.379	2283	37	0	365	2647	2283	1	0.0	4012
MCYST_162_1.Contig_476	NZ_JXYX01000015.1:c41779-39131	98.577	2601	37	0	1	2601	2601	1	0.0	4599
MCYST_162_1.Contig_476	NZ_LR882952.1:4510967-4513630	69.961	1022	267	30	1492	2493	1116	115	6.48e-37	150
MCYST_162_1.Contig_542	NZ_JXYX01000011.1:95421-97148	96.342	1203	44	0	1	1203	523	1725	0.0	1978
MCYST_162_1.Contig_559	NZ_JXYX01000014.1:c55009-53006	97.461	709	18	0	2034	2742	1	709	0.0	1210
MCYST_162_1.Contig_559	NZ_CP065936.1:3751441-3753438	77.650	349	75	3	2145	2491	111	458	9.28e-55	209
MCYST_162_1.Contig_630	NZ_JXYX01000011.1:116877-117659	99.034	725	7	0	1792	2516	783	59	0.0	1301
MCYST_162_1.Contig_639	NZ_JXYX01000015.1:74716-76242	99.522	209	1	0	2451	2659	1527	1319	1.80e-106	381
MCYST_162_2.Contig_31	NZ_JXYX01000003.1:285054-286931	72.060	1131	287	22	3	1114	751	1871	8.67e-85	311
MCYST_162_2.Contig_31	NZ_LR882952.1:825531-827390	72.109	882	218	20	171	1044	928	1789	1.15e-63	241
MCYST_162_2.Contig_31	NZ_AESD01000514.1:2053-3888	86.705	173	22	1	468	640	1171	1342	1.18e-48	191
MCYST_162_2.Contig_69	NZ_LR882952.1:3185638-3188601	74.890	2043	471	40	2256	4277	2895	874	0.0	893
MCYST_162_2.Contig_69	NZ_JACJTO010000021.1:c66481-63539	75.556	1440	324	25	2214	3639	2907	1482	0.0	684
MCYST_162_2.Contig_96	NZ_JXYX01000003.1:c241171-239060	72.029	976	227	37	3705	4657	43	995	4.73e-66	248
MCYST_162_2.Contig_146	NZ_JXYX01000004.1:150513-150981	92.157	51	4	0	5285	5335	19	69	2.50e-13	73.1
MCYST_162_2.Contig_324	NZ_JXYX01000014.1:c55009-53006	75.054	1856	425	35	28	1864	89	1925	0.0	828
MCYST_162_2.Contig_324	NZ_JACJTO010000007.1:68616-70613	75.517	1597	357	31	38	1617	99	1678	0.0	752
MCYST_162_2.Contig_614	NZ_LAHB01000015.1:c109909-108659	74.476	286	69	3	1443	1726	833	550	4.27e-28	121
MCYST_162.Contig_13	NZ_JXYX01000015.1:74716-76242	98.428	1527	24	0	5431	6957	1	1527	0.0	2687
MCYST_162.Contig_13	NZ_AESD01000164.1:3534-5099	77.694	928	201	6	5975	6899	569	1493	2.53e-160	562
MCYST_162.Contig_13	NZ_AJLL01000060.1:30160-31707	75.352	852	197	12	6044	6890	650	1493	7.56e-111	398
MCYST_162.Contig_26	NZ_JXYX01000001.1:1089920-1090996	95.636	1077	47	0	7694	8770	1	1077	0.0	1729
MCYST_162.Contig_30	NZ_JXYX01000008.1:214032-216905	97.595	2869	69	0	887	3755	1	2869	0.0	4916
MCYST_162.Contig_30	NZ_CP047242.1:5785454-5788351	73.270	1575	375	40	2115	3666	1262	2813	4.38e-152	534
MCYST_162.Contig_30	NZ_CP047242.1:5785454-5788351	74.741	966	221	19	911	1860	79	1037	7.71e-115	411
MCYST_162.Contig_30	NZ_CP065936.1:191293-194172	73.410	865	199	20	924	1763	89	947	8.10e-80	294
MCYST_162.Contig_31	NZ_JXYX01000001.1:368066-368695	97.284	626	17	0	5391	6016	1	626	0.0	1062
MCYST_162.Contig_33	NZ_JXYX01000001.1:1382667-1384103	97.704	1437	33	0	6322	7758	1	1437	0.0	2471
MCYST_162.Contig_73	NZ_JXYX01000010.1:c144263-143616	97.377	648	17	0	5703	6350	1	648	0.0	1103
MCYST_162.Contig_83	NZ_JXYX01000014.1:c55009-53006	96.760	895	29	0	5379	6273	1	895	0.0	1493
MCYST_162.Contig_83	NZ_CP085785.1:c545139-543139	77.536	276	57	3	5549	5821	170	443	6.05e-40	161
MCYST_162.Contig_153	NZ_JXYX01000015.1:c45892-43928	97.506	1965	47	2	1624	3587	1964	1	0.0	3356
MCYST_162.Contig_189	NZ_JXYX01000003.1:c241171-239060	96.486	1366	48	0	3155	4520	1	1366	0.0	2257
MCYST_162.Contig_189	NZ_AESD01000712.1:c15827-13695	73.630	1259	300	32	3174	4416	23	1265	4.96e-129	457
MCYST_162.Contig_257	NZ_JXYX01000001.1:c845495-843027	98.299	2469	42	0	210	2678	2469	1	0.0	4327
MCYST_162.Contig_257	NZ_LR882952.1:c4098973-4096490	76.689	1347	282	30	310	1640	2384	1054	0.0	719
MCYST_162.Contig_257	NZ_CP020114.1:1494535-1497006	75.466	1072	245	16	372	1434	2310	1248	3.99e-144	507
MCYST_162.Contig_258	NZ_JXYX01000015.1:c41779-39131	97.892	2372	50	0	1	2372	2372	1	0.0	4104
MCYST_162.Contig_263	NZ_JXYX01000011.1:95421-97148	97.569	1563	38	0	1	1563	1563	1	0.0	2676
MCYST_162.Contig_263	NZ_KE384623.1:25615-27345	77.612	134	28	2	1414	1546	150	18	1.01e-15	80.5
MCYST_162.Contig_266	NZ_JXYX01000002.1:c55249-54122	97.961	1128	23	0	225	1352	1128	1	0.0	1956
MCYST_162.Contig_266	NZ_AESD01000744.1:c2484-1342	71.521	769	179	27	304	1046	1061	307	5.81e-43	171
MCYST_162.Contig_266	NZ_AESD01000744.1:c2484-1342	83.099	71	12	0	1228	1298	125	55	2.82e-11	65.8
MCYST_162.Contig_305	NZ_JXYX01000003.1:285054-286931	98.083	1878	36	0	919	2796	1878	1	0.0	3269
MCYST_162.Contig_305	NZ_LR882952.1:825531-827390	77.633	693	153	2	1988	2679	806	115	4.75e-118	420
MCYST_162.Contig_305	NZ_LR882952.1:825531-827390	72.270	696	164	21	928	1619	1857	1187	1.46e-48	189
MCYST_162.Contig_305	NZ_AESD01000514.1:2053-3888	72.740	708	174	17	924	1620	1831	1132	5.18e-58	220
MCYST_162.Contig_305	NZ_AJLL01000040.1:c5960-4056	75.956	366	86	2	2225	2589	572	208	5.25e-48	187
MCYST_162.Contig_320	NZ_JXYX01000001.1:c665504-663222	97.109	2283	66	0	444	2726	2283	1	0.0	3851
MCYST_24.Contig_4	NZ_JXYX01000011.1:116877-117659	97.957	783	16	0	6647	7429	1	783	0.0	1358
MCYST_24.Contig_41	NZ_JXYX01000001.1:283692-286061	97.291	2289	62	0	4547	6835	1	2289	0.0	3884
MCYST_24.Contig_56	NZ_JXYX01000003.1:c241171-239060	95.621	2101	92	0	2781	4881	2101	1	0.0	3371
MCYST_24.Contig_56	NZ_AESD01000712.1:c15827-13695	73.634	1263	301	32	3620	4866	1265	19	1.88e-129	459
MCYST_24.Contig_76	NZ_JXYX01000011.1:95421-97148	97.795	1723	38	0	3788	5510	1	1723	0.0	2972
MCYST_24.Contig_100	NZ_JXYX01000001.1:c665504-663222	95.839	2283	95	0	2146	4428	1	2283	0.0	3690
MCYST_24.Contig_107	NZ_JXYX01000003.1:c235202-234798	95.455	308	14	0	4772	5079	391	84	1.53e-139	492
MCYST_24.Contig_119	NZ_JXYX01000015.1:74716-76242	97.446	1527	39	0	71	1597	1	1527	0.0	2604
MCYST_24.Contig_119	NZ_AESD01000164.1:3534-5099	77.802	928	200	6	615	1539	569	1493	2.39e-162	568
MCYST_24.Contig_133	NZ_JXYX01000002.1:c450913-449846	96.629	1068	36	0	2656	3723	1	1068	0.0	1773
MCYST_24.Contig_133	NZ_AESD01000488.1:c12901-11825	80.932	944	180	0	2656	3599	1	944	0.0	747
MCYST_24.Contig_155	NZ_JXYX01000001.1:368066-368695	97.125	626	18	0	666	1291	626	1	0.0	1057
MCYST_24.Contig_163	NZ_JXYX01000001.1:1382667-1384103	97.034	1416	42	0	2743	4158	1	1416	0.0	2383
MCYST_24.Contig_193	NZ_JXYX01000003.1:285054-286931	98.649	222	3	0	4021	4242	1	222	3.70e-110	394
MCYST_24.Contig_466	NZ_JXYX01000002.1:c55249-54122	97.770	1076	24	0	1	1076	53	1128	0.0	1855
MCYST_24.Contig_466	NZ_AESD01000744.1:c2484-1342	71.651	769	178	27	255	997	307	1061	9.22e-45	176
MCYST_24.Contig_467	NZ_JXYX01000001.1:c589407-588163	90.780	1269	93	15	882	2150	1245	1	0.0	1674
MCYST_24.Contig_474	NZ_JXYX01000015.1:c41779-39131	96.887	2441	76	0	215	2655	2649	209	0.0	4087
MCYST_24.Contig_497	NZ_JXYX01000001.1:949860-950450	96.863	255	8	0	3	257	337	591	2.20e-120	427
MCYST_24.Contig_528	NZ_JXYX01000015.1:c45892-43928	97.252	1965	52	2	282	2245	1964	1	0.0	3328
MCYST_2.Contig_1	NZ_JXYX01000003.1:c241171-239060	95.431	2101	96	0	83341	85441	2101	1	0.0	3349
MCYST_2.Contig_1	NZ_AESD01000712.1:c15827-13695	73.481	1267	308	28	84174	85426	1271	19	1.71e-126	453
MCYST_2.Contig_2	NZ_JXYX01000001.1:949860-950450	96.108	591	23	0	79881	80471	1	591	0.0	965
MCYST_2.Contig_2	NZ_JXYX01000003.1:435808-436338	96.234	531	20	0	34726	35256	531	1	0.0	870
MCYST_2.Contig_4	NZ_JXYX01000003.1:285054-286931	98.243	1878	33	0	35074	36951	1	1878	0.0	3286
MCYST_2.Contig_4	NZ_JXYX01000015.1:74716-76242	98.690	1527	20	0	57034	58560	1	1527	0.0	2710
MCYST_2.Contig_4	NZ_AESD01000164.1:3534-5099	78.343	905	190	6	57587	58488	578	1479	4.48e-165	580
MCYST_2.Contig_4	NZ_LR882952.1:825531-827390	77.633	693	153	2	35191	35882	115	806	1.03e-116	420
MCYST_2.Contig_4	NZ_LR882952.1:825531-827390	72.270	696	164	20	36251	36942	1187	1857	3.17e-47	189
MCYST_2.Contig_4	NZ_AJLL01000060.1:30160-31707	75.220	908	210	14	57592	58493	595	1493	1.34e-115	416
MCYST_2.Contig_4	NZ_AESD01000514.1:2053-3888	72.766	705	179	12	36250	36946	1132	1831	2.42e-58	226
MCYST_2.Contig_4	NZ_AJLL01000040.1:c5960-4056	76.230	366	85	2	35281	35645	208	572	2.45e-48	193
MCYST_2.Contig_5	NZ_JXYX01000004.1:150513-150981	97.441	469	12	0	58249	58717	469	1	0.0	800
MCYST_2.Contig_33	NZ_JXYX01000015.1:c45892-43928	97.200	1964	55	0	23104	25067	1964	1	0.0	3323
MCYST_2.Contig_34	NZ_JXYX01000001.1:c665504-663222	95.574	2282	101	0	20998	23279	2282	1	0.0	3655
MCYST_2.Contig_39	NZ_JXYX01000010.1:c144263-143616	96.605	648	22	0	30042	30689	648	1	0.0	1075
MCYST_2.Contig_47	NZ_JXYX01000001.1:283692-286061	96.962	2370	72	0	25758	28127	2370	1	0.0	3978
MCYST_2.Contig_54	NZ_JXYX01000002.1:c450913-449846	98.315	1068	18	0	9465	10532	1068	1	0.0	1873
MCYST_2.Contig_54	NZ_AESD01000488.1:c12901-11825	80.614	944	183	0	9589	10532	944	1	0.0	730
MCYST_2.Contig_55	NZ_JXYX01000001.1:1382667-1384103	96.257	1416	53	0	7350	8765	1416	1	0.0	2322
MCYST_2.Contig_61	NZ_JXYX01000011.1:95421-97148	97.449	1725	44	0	20415	22139	1	1725	0.0	2942
MCYST_2.Contig_66	NZ_JXYX01000008.1:214032-216905	97.142	2869	82	0	2979	5847	2869	1	0.0	4844
MCYST_2.Contig_66	NZ_CP047242.1:5785454-5788351	73.342	1613	382	43	3068	4656	2813	1225	3.26e-157	553
MCYST_2.Contig_66	NZ_CP047242.1:5785454-5788351	75.028	909	210	13	4928	5823	983	79	9.65e-113	405
MCYST_2.Contig_66	NZ_LAHB01000066.1:14261-17194	73.798	1019	243	17	4820	5829	1112	109	1.63e-105	381
MCYST_2.Contig_66	NZ_CP065936.1:191293-194172	72.851	884	209	20	4971	5829	947	70	2.84e-73	274
MCYST_2.Contig_95	NZ_JXYX01000002.1:c55249-54122	97.429	1128	29	0	4360	5487	1128	1	0.0	1923
MCYST_2.Contig_95	NZ_AESD01000744.1:c2484-1342	71.651	769	178	27	4439	5181	1061	307	6.62e-44	176
MCYST_2.Contig_115	NZ_JXYX01000001.1:1089920-1090996	95.172	1077	52	0	8751	9827	1077	1	0.0	1701
MCYST_2.Contig_133	NZ_JXYX01000008.1:c181072-179420	97.338	1653	44	0	11415	13067	1	1653	0.0	2809
MCYST_2.Contig_134	NZ_JXYX01000003.1:c235202-234798	95.141	391	19	0	3069	3459	391	1	6.44e-177	617
MCYST_2.Contig_137	NZ_JXYX01000014.1:c55009-53006	97.455	2004	51	0	990	2993	2004	1	0.0	3419
MCYST_2.Contig_137	NZ_JXYX01000011.1:116877-117659	97.829	783	17	0	7878	8660	783	1	0.0	1352
MCYST_2.Contig_137	NZ_CP085785.1:c545139-543139	70.936	1421	392	19	1414	2823	1580	170	2.54e-86	316
MCYST_2.Contig_140	NZ_JXYX01000001.1:c845495-843027	97.732	2469	56	0	225	2693	2469	1	0.0	4250
MCYST_2.Contig_140	NZ_LR882952.1:c4098973-4096490	76.689	1347	282	30	325	1655	2384	1054	0.0	719
MCYST_2.Contig_140	NZ_CP020114.1:1494535-1497006	75.280	1072	247	16	387	1449	2310	1248	3.01e-140	496
MCYST_2.Contig_144	NZ_JXYX01000001.1:368066-368695	98.254	630	11	0	9302	9931	1	630	0.0	1103
MCYST_2.Contig_241	NZ_JXYX01000015.1:c41779-39131	97.848	2649	57	0	193	2841	2649	1	0.0	4577
MCYST_31.Contig_6	NZ_JXYX01000001.1:c665504-663222	97.284	2283	62	0	9236	11518	1	2283	0.0	3873
MCYST_31.Contig_9	NZ_JXYX01000011.1:95421-97148	98.995	1592	16	0	1	1592	134	1725	0.0	2852
MCYST_31.Contig_10	NZ_JXYX01000002.1:c450913-449846	98.127	1068	20	0	16833	17900	1068	1	0.0	1862
MCYST_31.Contig_10	NZ_AESD01000488.1:c12901-11825	80.741	945	180	2	16957	17900	944	1	0.0	736
MCYST_31.Contig_15	NZ_JXYX01000011.1:116877-117659	97.957	783	16	0	2625	3407	1	783	0.0	1358
MCYST_31.Contig_29	NZ_JXYX01000001.1:1382667-1384103	97.456	1415	36	0	6733	8147	1	1415	0.0	2414
MCYST_31.Contig_38	NZ_JXYX01000003.1:435808-436338	98.682	531	7	0	20850	21380	531	1	0.0	942
MCYST_31.Contig_40	NZ_JXYX01000003.1:285054-286931	98.243	1878	33	0	12339	14216	1878	1	0.0	3286
MCYST_31.Contig_40	NZ_LR882952.1:825531-827390	76.978	695	154	5	13408	14099	806	115	8.09e-109	392
MCYST_31.Contig_40	NZ_LR882952.1:825531-827390	72.126	696	165	21	12348	13039	1857	1187	5.30e-46	183
MCYST_31.Contig_40	NZ_AESD01000514.1:2053-3888	72.753	712	177	15	12339	13040	1836	1132	3.12e-58	224
MCYST_31.Contig_59	NZ_JXYX01000001.1:c845495-843027	99.431	1582	9	0	1	1582	1582	1	0.0	2872
MCYST_31.Contig_71	NZ_JXYX01000008.1:214032-216905	98.501	2869	43	0	6783	9651	1	2869	0.0	5060
MCYST_31.Contig_71	NZ_CP047242.1:5785454-5788351	73.304	1607	393	33	7974	9562	1225	2813	5.05e-159	558
MCYST_31.Contig_71	NZ_CP047242.1:5785454-5788351	74.715	965	223	17	6807	7756	79	1037	1.50e-114	411
MCYST_31.Contig_71	NZ_CP065936.1:191293-194172	72.124	965	239	19	6820	7760	89	1047	1.23e-70	265
MCYST_31.Contig_94	NZ_JXYX01000001.1:c589407-588163	92.857	98	7	0	10001	10098	1194	1097	4.58e-34	143
MCYST_31.Contig_200	NZ_JXYX01000001.1:949860-950450	96.934	587	18	0	2995	3581	1	587	0.0	985
MCYST_31.Contig_207	NZ_JXYX01000003.1:c235202-234798	96.543	405	14	0	3374	3778	1	405	0.0	671
MCYST_31.Contig_219	NZ_JXYX01000015.1:74716-76242	98.952	1527	16	0	482	2008	1	1527	0.0	2732
MCYST_31.Contig_219	NZ_AESD01000164.1:3534-5099	77.875	913	198	4	1026	1936	569	1479	3.66e-161	564
MCYST_31.Contig_219	NZ_AJLL01000060.1:30160-31707	75.054	918	212	16	1031	1941	586	1493	5.04e-115	411
MCYST_31.Contig_229	NZ_JXYX01000001.1:c589407-588163	96.535	1010	11	6	2338	3347	260	1245	0.0	1650
MCYST_31.Contig_229	NZ_JXYX01000001.1:c589407-588163	99.245	265	2	0	757	1021	1	265	1.30e-135	479
MCYST_31.Contig_229	NZ_CP047242.1:2717252-2718502	83.495	206	34	0	2604	2809	532	737	1.90e-49	193
MCYST_31.Contig_244	NZ_JXYX01000015.1:c45892-43928	98.145	539	10	0	3	541	539	1	0.0	941
MCYST_31.Contig_265	NZ_JXYX01000001.1:283692-286061	97.932	2370	49	0	330	2699	2370	1	0.0	4106
MCYST_31.Contig_275	NZ_JXYX01000001.1:1089920-1090996	99.071	1077	10	0	21	1097	1	1077	0.0	1934
MCYST_31.Contig_366	NZ_JXYX01000003.1:c241171-239060	98.622	508	7	0	1	508	508	1	0.0	900
MCYST_31.Contig_382	NZ_JXYX01000011.1:95421-97148	98.846	260	3	0	3007	3266	1	260	2.14e-131	464
MCYST_31.Contig_382	NZ_KE384623.1:25615-27345	77.612	134	28	2	3024	3156	18	150	9.05e-16	80.5
MCYST_31.Contig_407	NZ_JXYX01000001.1:368066-368695	98.832	428	5	0	1	428	428	1	0.0	763
MCYST_31.Contig_428	NZ_JXYX01000003.1:c241171-239060	98.382	1731	28	0	959	2689	2112	382	0.0	3042
MCYST_31.Contig_428	NZ_AESD01000712.1:c15827-13695	74.306	864	206	16	1809	2664	1265	410	1.43e-97	351
MCYST_31.Contig_436	NZ_JXYX01000008.1:c181072-179420	99.342	152	1	0	1	152	1502	1653	8.60e-75	276
MCYST_31.Contig_436	NZ_CP065936.1:1280496-1282148	80.153	131	26	0	22	152	1523	1653	2.00e-21	99.0
MCYST_31.Contig_437	NZ_JXYX01000004.1:150513-150981	98.721	469	6	0	1871	2339	1	469	0.0	833
MCYST_31.Contig_476	NZ_JXYX01000015.1:c41779-39131	98.885	1615	18	0	1	1615	1615	1	0.0	2883
MCYST_56.Contig_13	NZ_LR882952.1:2770426-2772612	75.498	1506	333	29	9376	10863	40	1527	0.0	704
MCYST_56.Contig_13	NZ_JXYX01000003.1:c241171-239060	74.701	585	130	15	9780	10355	420	995	3.93e-64	244
MCYST_56.Contig_16	NZ_JXYX01000001.1:c845495-843027	77.874	1270	253	21	36656	37912	1115	2369	0.0	763
MCYST_56.Contig_16	NZ_AESD01000714.1:c2746-287	77.760	1223	256	13	36666	37880	1114	2328	0.0	737
MCYST_56.Contig_16	NZ_KE384619.1:34218-36698	75.708	1412	307	28	36546	37939	1015	2408	0.0	675
MCYST_56.Contig_16	NZ_JACJTO010000009.1:117224-119689	76.594	1239	261	23	36715	37939	1170	2393	0.0	654
MCYST_56.Contig_26	NZ_JXYX01000004.1:150513-150981	92.157	51	4	0	8259	8309	69	19	1.52e-12	73.1
MCYST_56.Contig_56	NZ_LAHB01000015.1:c109909-108659	74.825	286	68	3	3143	3426	833	550	8.12e-29	126
MCYST_56.Contig_59	NZ_LR882952.1:888775-890772	76.681	1874	389	42	4341	6190	1961	112	0.0	996
MCYST_56.Contig_59	NZ_JACJTO010000007.1:68616-70613	75.275	1545	352	26	4674	6203	1628	99	0.0	710
MCYST_56.Contig_61	NZ_AESD01000164.1:3534-5099	75.695	827	189	10	4203	5023	596	1416	3.31e-112	403
MCYST_56.Contig_61	NZ_CP047242.1:c3607546-3606023	73.786	824	206	9	4181	4999	559	1377	4.44e-86	316
MCYST_56.Contig_84	NZ_AESD01000407.1:c3053-1405	76.433	1553	354	12	15070	16616	1549	3	0.0	830
MCYST_56.Contig_84	NZ_LR882952.1:4510967-4513630	82.240	625	107	4	15040	15663	2613	1992	2.56e-152	536
MCYST_56.Contig_84	NZ_CP047242.1:5269141-5271705	71.764	1831	476	28	15064	16872	2546	735	4.38e-135	479
MCYST_56.Contig_84	NZ_LAHB01000054.1:c38656-35963	80.500	600	114	3	15062	15659	2672	2074	2.05e-128	457
MCYST_56.Contig_98	NZ_JACJTO010000021.1:c66481-63539	74.584	1444	347	17	10974	12407	2907	1474	2.95e-176	616
MCYST_62.Contig_1	NZ_JXYX01000015.1:c41779-39131	97.169	2649	75	0	42013	44661	2649	1	0.0	4477
MCYST_62.Contig_4	NZ_JXYX01000001.1:c665504-663222	96.496	2283	80	0	54059	56341	1	2283	0.0	3773
MCYST_62.Contig_4	NZ_JXYX01000002.1:c55249-54122	97.340	1128	30	0	27770	28897	1	1128	0.0	1917
MCYST_62.Contig_4	NZ_AESD01000744.1:c2484-1342	71.651	769	178	27	28076	28818	307	1061	1.94e-43	176
MCYST_62.Contig_4	NZ_AJLL01000063.1:69984-71150	90.909	44	4	0	27842	27885	73	116	2.04e-08	60.2
MCYST_62.Contig_5	NZ_JXYX01000011.1:95421-97148	97.562	1723	42	0	47719	49441	1723	1	0.0	2950
MCYST_62.Contig_10	NZ_JXYX01000010.1:c144263-143616	96.835	632	20	0	47288	47919	648	17	0.0	1057
MCYST_62.Contig_18	NZ_JXYX01000003.1:435808-436338	97.363	531	14	0	32486	33016	531	1	0.0	904
MCYST_62.Contig_26	NZ_JXYX01000008.1:c181072-179420	97.520	1653	41	0	4986	6638	1	1653	0.0	2826
MCYST_62.Contig_28	NZ_JXYX01000001.1:c845495-843027	98.299	2469	42	0	5020	7488	2469	1	0.0	4327
MCYST_62.Contig_28	NZ_LR882952.1:c4098973-4096490	76.672	1346	284	28	5120	6450	2384	1054	0.0	719
MCYST_62.Contig_33	NZ_JXYX01000003.1:285054-286931	98.190	1878	34	0	12095	13972	1	1878	0.0	3280
MCYST_62.Contig_33	NZ_LR882952.1:825531-827390	76.912	693	158	2	12212	12903	115	806	8.87e-109	392
MCYST_62.Contig_33	NZ_LR882952.1:825531-827390	71.839	696	167	18	13272	13963	1187	1857	1.26e-42	172
MCYST_62.Contig_33	NZ_AESD01000514.1:2053-3888	72.984	707	174	15	13271	13967	1132	1831	2.05e-60	231
MCYST_62.Contig_59	NZ_JXYX01000001.1:1382667-1384103	97.034	1416	42	0	10345	11760	1	1416	0.0	2383
MCYST_62.Contig_60	NZ_JXYX01000001.1:283692-286061	97.384	2370	62	0	18542	20911	1	2370	0.0	4034
MCYST_62.Contig_63	NZ_JXYX01000014.1:c55009-53006	97.506	2005	49	1	4706	6710	2004	1	0.0	3424
MCYST_62.Contig_63	NZ_CP085785.1:c545139-543139	71.206	1410	380	23	5131	6527	1580	184	1.48e-90	331
MCYST_62.Contig_66	NZ_JXYX01000001.1:949860-950450	96.277	591	22	0	2459	3049	591	1	0.0	970
MCYST_62.Contig_74	NZ_JXYX01000001.1:c589407-588163	94.859	1245	64	0	9837	11081	1	1245	0.0	1945
MCYST_62.Contig_83	NZ_JXYX01000008.1:214032-216905	97.594	2868	69	0	4077	6944	2868	1	0.0	4915
MCYST_62.Contig_83	NZ_CP047242.1:5785454-5788351	74.013	1393	324	33	4165	5538	2813	1440	3.17e-151	532
MCYST_62.Contig_83	NZ_CP047242.1:5785454-5788351	74.562	971	226	17	5965	6920	1043	79	7.20e-113	405
MCYST_62.Contig_83	NZ_CP065936.1:191293-194172	72.718	964	233	19	5968	6907	1046	89	4.52e-80	296
MCYST_62.Contig_94	NZ_JXYX01000003.1:c235202-234798	95.652	391	17	0	11462	11852	1	391	3.70e-180	628
MCYST_62.Contig_96	NZ_JXYX01000015.1:74716-76242	97.839	1527	33	0	5677	7203	1527	1	0.0	2638
MCYST_62.Contig_96	NZ_AESD01000164.1:3534-5099	78.204	913	195	4	5749	6659	1479	569	1.02e-165	580
MCYST_62.Contig_96	NZ_AJLL01000060.1:30160-31707	75.245	917	212	14	5744	6654	1493	586	6.52e-118	422
MCYST_62.Contig_107	NZ_JXYX01000015.1:c45892-43928	96.945	1964	60	0	2610	4573	1964	1	0.0	3295
MCYST_62.Contig_121	NZ_JXYX01000003.1:c241171-239060	95.478	2101	95	0	2953	5053	1	2101	0.0	3354
MCYST_62.Contig_121	NZ_AESD01000712.1:c15827-13695	74.030	1263	296	32	2968	4214	19	1265	1.83e-137	486
MCYST_62.Contig_132	NZ_JXYX01000002.1:c450913-449846	97.940	1068	22	0	9473	10540	1	1068	0.0	1851
MCYST_62.Contig_132	NZ_AESD01000488.1:c12901-11825	80.826	944	181	0	9473	10416	1	944	0.0	741
MCYST_62.Contig_160	NZ_JXYX01000011.1:116877-117659	97.446	783	20	0	6129	6911	783	1	0.0	1336
MCYST_62.Contig_188	NZ_JXYX01000001.1:1089920-1090996	96.273	966	36	0	7394	8359	1	966	0.0	1585
MCYST_62.Contig_204	NZ_JXYX01000001.1:368066-368695	96.805	626	20	0	2506	3131	626	1	0.0	1046
MCYST_79.Contig_22	NZ_JXYX01000002.1:c450913-449846	96.723	1068	35	0	2287	3354	1068	1	0.0	1779
MCYST_79.Contig_22	NZ_AESD01000488.1:c12901-11825	80.191	944	187	0	2411	3354	944	1	0.0	708
MCYST_79.Contig_53	NZ_JXYX01000014.1:c55009-53006	96.615	709	24	0	12944	13652	1	709	0.0	1177
MCYST_79.Contig_53	NZ_CP085785.1:c545139-543139	77.899	276	56	3	13114	13386	170	443	2.83e-41	167
MCYST_79.Contig_76	NZ_JXYX01000011.1:116877-117659	99.229	389	3	0	11123	11511	1	389	0.0	702
MCYST_79.Contig_84	NZ_JXYX01000003.1:c241171-239060	97.680	2112	49	0	5850	7961	1	2112	0.0	3629
MCYST_79.Contig_84	NZ_AESD01000712.1:c15827-13695	73.910	1261	301	28	5865	7111	19	1265	7.19e-136	481
MCYST_79.Contig_85	NZ_JXYX01000001.1:c845495-843027	98.710	2326	30	0	1	2326	2326	1	0.0	4130
MCYST_79.Contig_85	NZ_LR882952.1:c4098973-4096490	76.516	1303	276	28	1	1288	2341	1054	0.0	684
MCYST_79.Contig_111	NZ_JXYX01000001.1:1089920-1090996	96.472	1077	38	0	1166	2242	1	1077	0.0	1779
MCYST_79.Contig_118	NZ_JXYX01000003.1:285054-286931	98.403	1878	30	0	1466	3343	1	1878	0.0	3302
MCYST_79.Contig_118	NZ_LR882952.1:825531-827390	77.633	693	153	2	1583	2274	115	806	1.41e-117	420
MCYST_79.Contig_118	NZ_LR882952.1:825531-827390	72.126	696	165	20	2643	3334	1187	1857	2.02e-46	183
MCYST_79.Contig_118	NZ_AESD01000514.1:2053-3888	72.482	705	181	12	2642	3338	1132	1831	7.17e-56	215
MCYST_79.Contig_118	NZ_AJLL01000040.1:c5960-4056	76.503	366	84	2	1673	2037	208	572	7.22e-51	198
MCYST_79.Contig_147	NZ_JXYX01000008.1:214032-216905	99.038	2495	24	0	6301	8795	1	2495	0.0	4475
MCYST_79.Contig_147	NZ_CP047242.1:5785454-5788351	75.181	967	215	21	6325	7274	79	1037	1.63e-121	433
MCYST_79.Contig_147	NZ_CP065936.1:191293-194172	72.332	965	237	19	6338	7278	89	1047	2.90e-74	276
MCYST_79.Contig_151	NZ_JXYX01000001.1:368066-368695	99.042	626	6	0	2604	3229	626	1	0.0	1123
MCYST_79.Contig_175	NZ_JXYX01000008.1:c181072-179420	98.790	1653	20	0	51	1703	1	1653	0.0	2942
MCYST_79.Contig_175	NZ_CP065936.1:1280496-1282148	75.510	196	46	2	1509	1703	1459	1653	7.99e-20	95.3
MCYST_79.Contig_206	NZ_JXYX01000003.1:435808-436338	96.798	531	17	0	4346	4876	1	531	0.0	887
MCYST_79.Contig_247	NZ_JXYX01000015.1:74716-76242	98.690	1527	20	0	2607	4133	1527	1	0.0	2710
MCYST_79.Contig_247	NZ_AESD01000164.1:3534-5099	77.876	904	196	4	2679	3580	1479	578	1.94e-159	558
MCYST_79.Contig_247	NZ_AJLL01000060.1:30160-31707	75.524	907	209	12	2674	3575	1493	595	1.22e-121	433
MCYST_79.Contig_249	NZ_JXYX01000004.1:150513-150981	100.000	99	0	0	6479	6577	1	99	1.35e-46	183
MCYST_79.Contig_338	NZ_JXYX01000010.1:c144263-143616	97.685	648	15	0	4218	4865	1	648	0.0	1114
MCYST_79.Contig_383	NZ_JXYX01000001.1:c589407-588163	98.367	245	4	0	3411	3655	1245	1001	3.04e-121	431
MCYST_79.Contig_422	NZ_JXYX01000001.1:1382667-1384103	98.264	288	5	0	3736	4023	1416	1129	1.55e-143	505
MCYST_79.Contig_435	NZ_JXYX01000011.1:95421-97148	97.338	1728	46	0	80	1807	1	1728	0.0	2937
MCYST_79.Contig_463	NZ_JXYX01000015.1:c41779-39131	97.033	1045	31	0	1	1045	1605	2649	0.0	1759
MCYST_79.Contig_512	NZ_JXYX01000001.1:1382667-1384103	98.089	1256	22	2	1878	3132	1	1255	0.0	2185
MCYST_79.Contig_521	NZ_JXYX01000001.1:c665504-663222	97.634	2282	54	0	161	2442	2282	1	0.0	3916
MCYST_79.Contig_528	NZ_JXYX01000001.1:283692-286061	95.778	379	16	0	2559	2937	1	379	6.48e-176	612
MCYST_79.Contig_550	NZ_JXYX01000004.1:150513-150981	98.507	469	7	0	29	497	1	469	0.0	828
MCYST_79.Contig_575	NZ_JXYX01000011.1:116877-117659	97.697	521	12	0	1	521	263	783	0.0	896
NODOS_103.Contig_309	NZ_CP085785.1:c844832-841821	74.274	1998	446	64	4	1967	2846	883	0.0	780
NODOS_105.Contig_79	NZ_CP065936.1:3751441-3753438	77.091	275	63	0	9084	9358	151	425	3.56e-39	159
PSEUDA_13.Contig_25	NZ_KE384599.1:c2617-29	77.273	484	102	7	8814	9293	2023	2502	3.13e-74	278
PSEUDA_13.Contig_130	NZ_CP085785.1:1916104-1917300	74.007	277	63	8	13996	14268	758	487	2.40e-22	104
PSEUDA_13.Contig_234	NZ_LR882952.1:3185638-3188601	78.534	191	37	4	1959	2147	1065	877	2.36e-28	122
PSEUDA_157.Contig_97	NZ_AJLL01000063.1:c82007-80010	73.624	1581	372	39	1572	3130	1736	179	6.86e-162	568
PSEUDA_157.Contig_227	NZ_KE384623.1:85149-86249	75.000	204	43	8	5428	5627	608	409	1.26e-17	87.9
PSEUDA_157.Contig_267	NZ_AJLL01000005.1:195276-198188	75.166	753	181	6	3327	4076	2041	2790	1.26e-96	350
PSEUDA_157.Contig_267	NZ_JANQDJ010000007.1:29007-31877	73.750	720	179	9	3362	4076	2040	2754	7.82e-74	274
PSEUDA_281.Contig_60	NZ_KE384619.1:c14724-12727	72.430	1469	351	45	875	2316	1622	181	3.57e-117	420
PSEUDA_31.Contig_3	NZ_AJLL01000063.1:c82007-80010	73.985	1503	347	35	34442	35922	1659	179	1.17e-161	569
PSEUDA_31.Contig_39	NZ_AJLL01000005.1:195276-198188	72.055	1460	374	31	29105	30547	2892	1450	1.50e-112	405
PSEUDA_70.Contig_26	NZ_CP047242.1:778650-780647	73.288	1460	356	31	14765	16207	181	1623	1.23e-142	505
VULCA_120.Contig_1	NZ_CP085785.1:c844832-841821	74.929	706	166	7	30082	30777	2897	2193	1.12e-84	313
VULCA_209.Contig_10	NZ_CP085785.1:c844832-841821	74.768	1399	305	37	6817	8191	1523	2897	6.16e-167	584
VULCA_28.Contig_42	NZ_CP085785.1:c844832-841821	73.338	1399	325	40	14123	15497	1523	2897	1.75e-133	473
VULCA_28.Contig_54	NZ_CP047242.1:2717252-2718502	76.471	102	22	2	10509	10609	719	619	2.03e-07	54.7
VULCA_96.Contig_2	NZ_CP085785.1:1916104-1917300	75.581	172	42	0	50810	50981	550	721	4.09e-16	86.1
